Multiple size <= 100
TEST 10 ARG:22 19 80 87 51 92 59 29 10 93 47 39 30 61 2 27 89 31 98 78 53 3 64 6 60 48 99 41 43 52 34 70 97 13 14 74 86 76 45 95 96 67 55 71 57 24 36 85 20 81 49 69 7 77 73 9 84 82 62 46 8 63 65 90 26 38 83 28 33 5 25 88 44 1 50 23 42 4 35 68 56 18 0 16 37 15 21 11 54 79 12 17 32 66 91 94 72 40 75 58 
TEST 24 ARG:14 24 75 41 87 9 91 58 95 70 72 6 37 44 57 80 0 92 69 45 38 88 46 34 12 23 61 11 18 20 50 16 21 82 7 71 28 74 94 67 73 3 31 96 83 63 59 76 35 26 47 90 84 5 86 60 39 52 33 81 15 66 53 2 8 68 17 51 62 13 78 65 32 19 99 43 77 55 49 89 93 79 64 29 40 30 54 85 42 27 36 56 1 4 25 22 10 97 98 48 
TEST 51 ARG:4 93 40 91 24 69 94 97 25 51 21 46 80 1 26 70 83 0 3 53 55 43 73 72 88 8 28 44 84 31 16 47 32 61 81 60 42 18 15 14 11 75 92 20 50 48 52 37 63 77 9 95 90 17 36 79 56 67 45 23 35 85 96 5 39 86 99 78 87 71 30 62 65 68 29 2 82 64 66 13 12 49 27 98 54 41 57 38 74 58 33 7 22 34 19 89 76 6 59 10 
TEST 58 ARG:14 79 99 61 66 94 32 43 9 88 22 38 39 33 93 36 1 27 23 97 19 90 84 47 69 31 15 85 59 63 65 7 64 58 76 52 56 11 78 45 82 68 86 6 74 44 96 51 3 71 50 35 10 54 83 95 24 29 91 55 60 98 5 70 81 26 87 89 2 53 62 20 67 77 8 30 37 46 16 21 73 41 49 42 34 57 28 18 0 80 25 48 40 4 92 72 75 17 13 12 
TEST 87 ARG:75 72 27 25 57 31 13 81 61 94 34 20 21 64 49 83 97 11 22 93 52 5 50 1 91 69 19 80 36 63 78 14 4 89 10 66 53 99 79 95 60 51 33 28 73 86 43 48 85 65 7 59 58 16 0 76 62 67 55 96 92 82 17 47 18 35 23 38 29 44 87 40 77 3 74 84 45 8 90 9 26 41 42 46 71 37 68 30 6 24 32 88 54 70 2 98 12 39 15 56 
TEST 126 ARG:82 14 84 9 54 37 28 32 71 80 57 11 66 25 67 6 72 22 81 69 77 45 30 78 48 89 87 41 49 52 79 55 27 7 63 33 23 58 0 76 29 21 36 65 43 4 74 31 39 96 26 38 46 51 35 18 73 91 64 62 56 70 8 2 85 98 92 61 42 68 95 44 53 94 34 60 47 59 19 93 3 86 97 75 10 12 99 13 16 40 20 24 17 83 5 50 1 15 90 88 
Multiple size <= 500
TEST 1 ARG:-66 141 154 70 -74 165 86 -233 -224 188 205 -3 -159 -136 140 -14 121 -64 -166 41 164 -36 153 -202 -37 -5 -45 -249 -100 129 117 -31 -216 111 -60 90 238 -203 32 -88 215 -58 -228 -236 71 235 -209 -72 -156 158 -241 150 -87 203 67 -55 96 198 113 51 -39 172 -244 -75 16 -127 -29 1 -116 -68 247 199 -176 178 38 -158 169 85 237 167 218 -113 -132 -111 59 193 244 -61 181 144 -79 208 -164 -147 -240 -78 -38 -135 29 43 27 21 -4 -59 -163 -73 -76 -148 -118 -70 73 -123 249 192 -247 -56 248 -106 101 -239 -212 -137 -184 -194 -125 145 -217 -145 2 209 -235 -171 223 -181 77 138 231 116 -227 -93 44 115 137 -172 182 120 40 -22 -187 229 -114 -198 0 122 130 -16 -62 123 -245 -243 160 -26 -47 236 -177 -50 -80 -208 245 -97 -104 -210 149 92 -15 -86 4 -149 118 -168 -196 87 -191 -183 -42 53 31 -108 109 -84 -139 -131 -85 136 64 22 -155 47 -129 -21 107 146 -152 78 148 -221 196 -89 -112 -151 -19 -63 -161 -98 -33 -250 207 -44 -167 195 -121 -23 227 211 -11 133 -182 -83 -193 37 -207 -24 75 142 -2 242 234 224 8 106 -195 -238 -153 81 80 184 -150 98 166 -162 26 -91 -77 135 202 -81 63 -130 -226 56 24 19 221 -90 -128 15 -175 14 -199 68 -67 42 185 210 -25 65 212 -190 -219 240 -28 183 241 -6 9 46 -160 3 -169 -242 -17 -120 -94 112 -222 -1 157 104 147 -229 -248 -204 -43 151 -109 -232 213 -99 -107 69 62 233 18 -95 -69 12 220 66 88 -205 -223 -30 156 -115 239 143 -211 -173 219 226 -57 -189 34 -27 -9 -246 228 99 161 -165 57 -237 7 -12 162 95 114 -185 128 175 232 10 -134 177 20 -144 79 102 33 45 -122 84 -157 134 152 -146 132 -154 246 216 206 -110 58 -51 35 -117 179 94 -218 110 -133 -140 5 -102 187 125 -126 108 82 -48 60 168 174 61 197 -234 -180 -220 222 155 74 191 -230 214 -53 6 -101 119 76 -40 -34 124 39 -201 217 -32 17 36 13 225 25 -214 -41 194 204 -186 55 30 -215 -142 139 159 -197 103 -174 48 -105 -8 -54 200 49 23 97 -231 -52 -179 -65 -143 -124 -178 190 201 -20 28 176 52 72 -10 91 163 -35 -92 173 -225 -49 -13 -170 50 127 105 243 -213 126 83 -192 100 230 -7 -103 171 54 -46 -119 -18 93 -82 -188 -138 180 -200 186 189 11 170 -141 131 -96 -206 89 -71 
TEST 2 ARG:168 -34 -193 -10 -74 11 -121 138 -12 122 -75 -137 179 104 197 84 -187 3 141 145 246 165 209 -239 -203 143 -172 126 -189 -177 22 133 247 26 64 35 14 -207 -159 -237 -151 -110 -247 7 -24 159 249 -208 -178 -142 67 205 -220 185 194 -95 38 60 177 129 -45 8 90 68 -33 146 236 -115 -179 -212 216 -145 42 79 112 41 -72 -180 -105 -50 -200 -46 -56 115 -184 -23 -21 -9 71 220 -27 161 72 207 2 -248 153 -18 25 -204 76 89 -102 -126 32 -17 -250 18 1 -77 124 -93 248 48 -160 -228 144 -11 -162 241 -197 195 -20 55 -66 -214 206 -98 -61 46 -152 -92 151 -176 6 167 225 -41 172 132 -1 -6 -118 110 -86 -175 199 -112 222 -90 77 -85 -166 -37 113 147 -8 92 160 -32 -174 -124 30 -67 -103 -84 -62 202 -119 -182 -141 -101 188 -235 -71 -78 -39 226 -156 123 -168 -149 74 -133 -234 186 184 -135 -219 -82 78 -226 152 192 52 109 -146 43 -232 -25 34 -43 -13 171 116 39 99 137 102 -117 94 176 -5 -153 203 98 58 -73 235 100 -154 17 120 200 -57 -144 -249 134 -44 223 -158 -54 127 10 -196 224 82 5 57 -181 -169 163 191 107 -217 -218 237 183 91 227 214 59 13 36 93 -210 40 -108 -29 44 85 -225 -170 -246 -224 -240 -70 -22 -114 108 -206 -125 136 -231 131 4 130 -79 45 158 173 -58 -14 106 190 -123 -15 65 187 70 -129 -91 -148 -138 33 157 28 73 169 88 -136 148 83 -227 -130 -3 175 -173 -229 -89 53 245 81 -233 239 -150 -215 87 230 -76 -35 215 149 -64 -164 -28 63 166 -47 196 49 -55 -157 -63 -2 -243 -59 -65 -26 19 31 -244 -167 156 86 142 211 -139 -213 -202 -16 180 -186 111 61 -4 114 -83 139 -161 -245 238 16 -221 -53 -236 -140 21 -185 -88 -97 -195 56 213 -69 -205 29 189 204 135 -190 96 -222 -192 80 -165 121 181 101 -238 243 54 -183 -163 -209 23 -31 15 47 -116 234 193 -48 -131 -40 117 125 -51 -36 -107 -42 155 -81 -198 -132 -87 150 128 221 233 118 0 97 27 208 12 -96 244 69 95 -134 -230 -104 66 164 198 240 -223 210 -171 -128 -94 -7 -211 217 24 219 -68 62 -127 -100 20 -109 -106 -60 -188 242 75 -194 105 -201 212 218 -241 140 -122 -38 -155 229 174 -80 -99 -191 -19 119 231 232 50 -30 -199 -52 162 178 154 -49 201 -113 -143 37 51 228 170 9 -147 -242 103 -120 182 -111 -216 
TEST 3 ARG:239 224 227 22 -250 -109 -59 -144 -226 177 -148 103 -214 225 -200 221 -150 -88 243 -80 -181 155 -190 -182 -37 -129 29 92 100 77 -153 -176 -110 -160 108 -2 -158 188 153 6 -142 -248 -237 -26 131 -245 242 149 32 -217 97 18 39 -244 152 -44 167 212 248 179 110 70 247 23 46 83 -49 129 -146 132 -99 208 117 -210 121 -208 -10 -29 16 201 228 82 -161 -63 -66 194 69 245 -216 -134 -224 84 -221 -172 176 230 71 133 165 -20 -16 241 150 -61 122 17 200 219 -209 -95 -188 54 112 -93 61 98 -74 185 -198 -52 214 231 -73 159 170 114 -136 -115 -94 134 -249 187 125 -124 -178 -7 -79 209 123 99 217 -55 -12 183 -162 210 223 -54 -152 -98 106 41 47 161 193 -140 40 -205 -206 9 -21 198 104 62 -96 -234 135 -143 -15 -138 -211 222 34 139 229 119 -180 53 89 -38 -91 -57 -34 -105 -68 3 -154 36 -5 -155 205 -194 -168 -62 -199 -69 -167 -85 -1 151 -163 166 206 91 -131 -242 -82 76 216 -149 -222 15 27 50 -189 -3 11 -86 -107 58 -117 -89 -106 240 78 -229 -50 86 204 56 218 -241 246 -225 -14 -227 -22 -8 -114 203 52 181 63 -169 175 138 45 -30 -212 -197 211 -128 180 162 -238 -77 244 74 -111 143 -23 215 -215 -83 -51 -9 -32 -25 96 -31 195 -13 68 168 -60 -139 196 -97 -76 -184 -186 236 -243 186 -33 144 14 75 -240 102 -196 233 -67 164 -235 -193 -220 -70 -121 13 -185 -147 192 4 173 -113 -202 -157 -103 113 191 8 -119 -201 -246 -191 109 126 -175 -102 -232 -43 -247 21 38 163 35 -17 -122 -48 -36 -45 -192 -187 120 -120 24 87 -11 -19 -81 115 7 136 66 189 60 -18 -112 -133 -71 140 37 -127 142 -46 -90 67 -118 95 197 -151 128 -204 154 94 -104 249 -177 -145 -141 234 -207 -137 -213 -159 33 235 -179 19 -39 207 124 -6 -92 -219 116 -165 44 93 158 -53 -166 -135 111 182 -100 5 220 72 -40 1 81 171 -64 48 -41 -65 146 -239 105 -233 85 199 79 64 20 157 -183 -42 148 -218 -228 169 65 55 -203 42 -72 90 232 -101 127 130 237 -126 -236 -230 -47 -130 80 88 -173 59 156 -132 -171 -156 30 0 226 -58 -78 -4 25 184 -223 49 141 213 12 -170 147 190 101 -35 -27 31 145 202 -87 178 43 2 -174 -123 160 107 118 -195 238 -108 -125 26 174 -164 51 -84 -116 -231 28 -75 10 137 73 -56 172 57 -28 -24 
TEST 4 ARG:-245 68 181 -29 171 -146 -90 -94 -210 62 243 -57 -101 -87 37 -70 138 25 -19 -46 104 153 -215 210 145 -198 -135 200 105 -145 -26 -120 -178 0 72 -129 -24 -223 -67 119 -3 146 -97 114 -240 -172 -75 -134 -148 -35 236 152 -232 -167 198 -58 -91 10 -88 -205 17 -16 56 -1 215 238 -208 75 168 -141 -192 -98 140 173 -108 58 4 53 204 -152 -96 -219 -13 69 -51 -191 -89 -38 221 212 11 123 88 149 -133 -37 20 27 133 89 41 -79 -76 161 -149 -103 222 85 -222 134 147 19 214 179 192 -138 -237 -175 156 -243 64 36 -171 100 241 48 -147 118 239 177 199 -45 -228 -185 76 40 -14 -207 -28 -42 196 229 -183 -112 -93 235 -144 95 121 -22 -140 99 166 -10 148 -23 15 32 -127 -151 -102 -25 219 220 -81 102 -180 190 223 91 187 -4 184 217 66 70 -155 92 151 -115 -64 93 -241 -234 -59 185 -199 189 -68 -31 -92 139 -36 -165 47 -179 -131 107 -33 -212 45 -197 143 136 6 16 -156 -73 -160 113 63 -82 33 -34 180 242 -236 28 197 172 -250 -72 -107 59 183 -2 -123 -128 -244 51 -153 154 52 205 -84 77 -206 87 35 -83 -126 231 61 234 -49 194 65 -182 -157 117 -124 -27 -117 -209 -118 -247 18 -181 -113 218 8 -139 -213 -189 -166 -21 -214 -211 -20 -221 5 116 -56 228 -119 90 -6 -78 158 -220 -39 126 81 -248 -187 -32 -7 -77 -163 -204 160 46 -159 -106 -218 245 14 101 -246 82 -158 -99 55 -193 50 -50 -110 -9 -136 -186 130 201 233 -40 169 74 -47 -121 131 -65 240 -100 122 124 -227 -15 34 248 -116 164 -168 120 -86 -216 54 157 -225 178 29 13 -230 -105 206 -203 -162 -238 57 -169 193 22 98 -18 -217 174 -190 86 227 230 79 -143 127 182 -173 129 -235 125 67 109 167 155 -30 -114 42 -62 103 -5 162 -8 7 23 -69 137 150 195 -229 237 108 -202 -196 -201 30 -111 44 -137 -44 165 176 -242 225 -184 132 -226 -54 -188 71 97 128 175 112 -142 -17 -12 38 60 26 144 110 226 2 -125 -132 -249 21 207 39 -161 -63 135 9 24 94 249 -195 -74 -55 -41 170 -150 -233 -48 -174 -61 106 84 12 -194 -177 247 1 -164 -95 -11 -60 211 -80 -52 -154 -176 83 159 96 141 -104 -200 163 -231 49 244 224 31 209 191 -43 -66 -71 -130 43 202 -224 78 111 213 232 73 186 216 -85 -53 115 203 188 3 -170 246 -239 -122 -109 80 208 142 
TEST 5 ARG:89 -6 -1 -44 -245 179 104 106 162 -184 200 93 101 -124 -84 -89 172 -62 -249 -101 134 -147 -58 65 164 -14 -61 239 171 -164 158 -30 123 -159 100 -119 -203 91 82 -38 153 -98 49 26 230 132 180 -72 -148 13 144 131 207 -227 -90 -60 185 73 72 60 149 -138 246 -220 41 146 -47 191 231 116 -223 -194 170 148 -193 224 18 -51 25 182 14 56 193 216 105 -210 -243 -106 141 156 75 -218 -46 -204 -10 -182 -186 8 47 -11 243 -205 -94 50 62 147 -48 197 -230 -248 -111 160 0 108 29 -26 -49 233 -177 -33 -195 -131 -32 2 24 175 154 196 165 30 218 244 -151 237 121 -239 -76 136 39 150 -56 -93 -120 67 205 219 -140 -36 -139 195 76 -211 112 -170 -20 -178 103 -141 234 -162 27 -16 23 31 -246 -129 228 -236 -212 -168 203 235 199 -144 -85 -143 57 217 -169 247 211 -68 202 201 34 -188 221 88 -43 -166 -165 114 -209 -225 90 194 181 152 138 220 -189 52 -130 -82 -96 -160 -191 139 -24 -222 -133 79 -37 99 -53 135 -199 33 -192 70 120 -235 80 78 -59 232 249 -206 225 213 -91 189 236 -125 -15 178 177 -207 59 -180 -179 -156 245 61 83 38 -86 46 -92 167 95 37 43 -121 -64 -67 -87 -173 130 140 214 -233 241 -45 -25 -21 12 98 -12 206 42 -108 -208 48 -154 240 -135 -175 102 169 -153 -172 -18 227 -219 -55 -137 -228 35 71 124 -78 -103 -81 -3 -214 126 -176 248 -28 155 -80 17 -185 -5 -112 22 -158 -217 -102 188 -196 -109 -22 -63 4 161 -181 66 133 -142 113 -29 117 204 183 -35 53 -155 -215 51 -224 -69 -88 -115 -34 -190 143 192 -105 -66 -226 145 -39 36 21 -128 163 68 7 210 -213 -57 -187 118 -41 -250 -9 -171 -114 -65 129 -27 127 5 -13 -136 45 -157 -127 -240 86 85 -7 -118 -244 1 -97 242 -100 142 32 -110 11 -74 -163 110 -19 137 209 -107 222 -231 -40 151 -104 -161 -54 -202 -17 -73 115 -198 184 166 -122 168 -216 -31 63 9 -221 107 -234 -247 226 -83 215 3 28 159 -116 20 92 16 -113 119 198 -152 173 -71 84 96 157 15 94 -50 -95 187 -4 97 -149 81 125 -150 -75 208 -23 77 69 -123 -242 -183 109 186 74 -167 -77 238 6 40 87 -200 -79 54 -42 -134 -99 -241 44 212 122 128 174 -117 58 -238 111 -52 -197 -232 -132 64 -70 176 190 -229 -145 -237 -146 -126 229 55 -2 -201 10 19 -8 -174 223 
TEST 6 ARG:7 155 241 222 177 154 -50 67 -220 -244 130 -2 6 -58 -178 -35 -203 88 138 211 140 8 227 -76 188 101 243 -32 56 49 152 -82 234 -188 -127 -116 58 -242 -218 175 70 -44 -232 105 -204 2 218 -217 -191 20 -38 -97 92 -3 -216 -169 42 102 29 -64 45 64 -85 -233 -133 -185 111 -102 -152 -48 -212 43 -160 114 -30 51 108 54 -41 -122 163 197 74 -40 -247 -146 244 -165 -11 146 34 55 -168 77 26 -235 -176 -22 -150 48 -238 161 9 -199 144 -236 -249 -143 -153 -9 12 -179 53 116 -8 150 212 85 -120 -225 -108 -95 50 -63 -227 81 176 -149 -24 83 127 123 -47 66 -65 247 5 -230 -4 33 165 185 62 226 -196 87 -119 242 164 -90 -92 -56 -117 -167 131 65 -151 142 129 41 -162 -239 181 44 118 -10 225 -246 -134 -67 -43 196 245 228 210 -106 94 -163 13 -205 35 -214 -231 -136 192 -70 -184 186 36 -61 166 198 -69 -180 113 -39 112 110 233 106 1 28 -198 4 60 68 -173 -192 159 -96 216 229 103 195 -81 169 98 -5 -66 -234 61 23 40 122 -104 190 -77 -86 239 -53 -78 -54 -73 115 -130 -6 -14 -31 200 -166 193 0 -12 76 -46 219 -60 194 126 -209 128 207 78 -103 -183 -124 -21 -19 19 240 57 -202 -187 -144 -181 -190 120 -112 213 -28 171 121 -186 204 -154 143 178 232 -222 189 182 -174 84 139 63 221 224 132 -71 -128 125 -42 172 148 -182 -223 -221 -45 220 -157 -121 -111 201 -145 145 47 223 -237 -208 153 217 -189 237 -140 231 30 147 187 -156 160 -83 73 -215 37 -100 -147 -245 141 -93 -110 71 206 -55 174 246 191 -59 10 38 -17 -80 -155 72 52 -125 -207 136 -159 -118 -241 183 -27 -34 15 11 -15 -195 -158 202 -33 124 18 -113 -175 17 27 -18 -88 -99 -7 -115 -250 59 -194 -148 32 135 -37 46 179 215 14 -57 89 -219 109 21 -228 -62 137 100 -138 -107 -193 -16 69 -72 -240 82 205 167 133 -139 -1 -141 -226 75 -211 -161 173 157 -26 24 -229 -206 22 -49 184 -201 -75 79 -210 199 -200 -36 -23 249 170 97 -126 -213 -13 39 -224 -89 -84 93 -87 31 -129 -51 119 149 208 -109 230 -135 25 214 -142 -137 -248 -29 238 236 248 209 117 235 180 -172 91 3 86 -68 104 -91 -132 -74 -197 -170 -101 168 -171 -79 -243 -52 -98 158 90 96 95 99 -105 -94 80 -114 151 107 134 -131 -20 16 162 203 -25 -177 -123 156 -164 
TEST 7 ARG:-213 30 20 202 171 -245 57 -116 -146 50 -82 109 105 90 -212 28 87 -34 -41 -24 45 -33 126 116 43 74 -25 197 -50 -91 -76 -219 -228 -160 56 -12 -112 9 44 248 230 -46 -120 242 64 -205 -125 14 -35 217 152 -132 -121 -43 67 -84 207 12 99 -224 -210 176 82 -193 86 47 -37 179 174 130 -118 -22 98 236 -238 119 -179 223 -197 41 -48 -176 -221 24 -148 -32 93 -5 -151 -165 226 -18 -145 225 -59 54 -95 -83 106 79 34 151 160 -102 -192 -98 -226 -64 83 -69 -63 178 -198 91 76 122 113 -140 192 141 -220 120 -96 -200 166 154 -237 -161 -180 -119 -191 -211 -244 -67 89 -126 92 156 -231 195 172 -57 -79 -202 -208 -173 18 143 173 -250 -214 208 201 -147 -40 42 134 -185 -133 51 -77 101 212 -169 139 -156 -241 -16 -134 -92 -97 58 -80 -14 -100 62 -159 -28 241 19 22 -207 -149 231 112 -181 49 215 4 -248 203 -171 -206 -65 235 68 107 65 -204 124 148 53 7 21 155 36 59 -29 -128 -36 145 -13 180 114 237 -108 40 -230 -239 140 -27 75 149 -9 3 128 -73 -222 -155 168 187 147 211 -174 72 191 216 247 23 -45 246 -187 -162 97 100 -61 48 -183 -122 -93 -129 -196 88 183 127 221 -217 13 -52 108 184 -58 38 -201 104 -178 -39 96 -74 77 118 -6 157 123 -104 210 -142 -55 -130 -26 240 -182 -90 -235 -249 66 153 205 190 -240 -19 -105 -20 35 37 111 125 -30 -194 -246 -89 -103 52 16 194 129 161 138 170 -47 1 69 29 -158 -62 -75 142 -113 -225 -60 165 84 243 -4 -85 -143 -215 17 -137 132 158 -2 167 227 -127 -141 163 33 -1 233 -195 -166 137 70 117 15 73 164 55 -172 -38 204 -7 -107 63 94 -154 -106 229 213 -227 196 206 -152 -242 198 0 -10 -110 136 182 80 -15 -31 -229 -218 60 103 11 222 71 133 -168 200 -164 -135 144 -70 146 81 2 228 -199 238 186 -138 6 -188 224 -8 249 85 219 10 -234 -99 -157 -247 181 209 162 150 46 -111 -153 -124 25 169 -71 -54 218 177 -78 -109 -233 5 95 159 31 -243 -3 32 27 -236 -177 135 -53 121 -88 -42 78 189 -44 -21 -51 -72 -186 115 -115 220 -94 102 -203 -144 -190 188 -123 234 -223 -87 39 -232 -170 185 110 193 8 26 131 -101 -23 -167 -131 -86 -17 -216 239 -66 -117 214 -136 245 244 -184 -114 -139 232 -56 199 -150 -175 -49 -68 175 -81 -11 -189 61 -163 -209 
TEST 8 ARG:-25 -10 -236 159 -183 206 94 167 -91 -51 164 -126 -203 -187 -97 -216 -4 63 46 -231 73 -173 107 243 -24 -20 -31 -106 5 81 117 103 130 165 51 -96 -85 -77 -172 -120 -225 -166 182 -237 50 190 151 119 -1 36 -78 86 245 246 -223 -241 -103 -234 108 83 -30 177 106 -95 -109 -119 -224 9 -214 74 -139 143 61 -134 105 169 129 211 134 -39 -150 -65 114 26 124 137 113 148 -157 163 65 -9 -93 99 -12 -90 -45 126 200 115 -81 -215 -249 249 185 48 -114 92 -54 -248 -193 35 44 232 -205 162 -33 39 235 78 -168 43 -58 24 41 197 102 95 -28 240 123 -112 -130 -111 -108 6 142 -198 0 -229 196 231 -2 -16 160 -238 154 199 -35 171 -184 -71 186 212 203 233 -80 1 -201 -83 -47 -113 -100 -104 -55 172 8 -200 213 -74 242 -89 248 194 101 14 -42 56 66 -175 40 100 -162 -116 -192 -232 201 -240 12 60 87 176 -155 55 -188 125 -152 47 121 221 -207 18 -177 -213 -46 54 -211 -156 202 98 109 23 -57 158 237 -247 -49 -52 -239 -233 22 173 225 -170 -40 112 188 32 -60 37 -160 -36 -138 -219 157 155 77 15 -59 -133 58 -180 216 110 -23 -195 -132 104 -105 97 -63 10 -202 180 -199 -148 -161 222 -64 217 -243 127 -204 -3 -123 62 135 -165 -143 223 161 -164 122 -140 64 147 -87 -107 49 224 -129 -186 -32 -242 90 -217 241 -181 -146 -76 -70 178 111 -68 20 120 -26 -121 70 239 227 -221 -163 139 -72 -67 33 -220 198 71 144 -167 -101 -44 91 -182 17 191 -8 -127 59 -11 -118 -250 67 -117 -218 -149 85 131 -14 -41 31 -222 25 156 234 30 187 68 -69 168 -75 -5 220 -43 -179 11 16 150 34 136 218 -131 -210 210 21 -158 -197 215 89 -169 -48 -246 -82 -137 140 -189 175 174 181 -227 -151 -110 -128 75 205 -226 193 236 -50 132 -102 28 -34 -145 170 19 -53 -38 -159 45 -6 79 146 -228 204 88 183 38 4 214 -136 7 -135 42 -92 -56 -66 -79 -13 207 141 152 76 -88 -29 29 -122 93 -98 149 -212 84 247 226 69 -124 -73 -61 -99 195 -194 -21 184 -174 128 -27 53 -37 230 138 -191 -94 -190 153 189 -15 3 -245 27 -17 -209 -125 219 -86 -230 -141 229 96 -142 -235 244 82 133 2 -153 -185 -176 -206 13 228 -208 -154 -196 179 -62 -18 80 145 -19 -115 192 -244 -7 -144 118 166 -22 -147 208 116 72 57 -84 238 209 52 -171 -178 
TEST 9 ARG:0 -168 -76 93 -164 234 -195 235 -16 97 26 -104 -15 240 -108 -48 98 -161 -36 117 244 119 61 248 88 -32 175 196 19 -17 -35 224 167 -233 -222 -207 -64 -105 -227 -171 -71 112 -248 -86 -123 -234 218 197 238 111 -130 -148 207 -12 -198 -236 -133 -188 89 32 68 46 36 104 -3 72 13 -210 65 -79 180 -154 67 77 -150 53 -152 149 -159 116 2 -70 193 131 7 133 -175 -176 -14 137 -11 156 -196 170 -107 -91 -84 -19 168 138 96 -97 216 222 176 -134 -88 214 -21 76 188 120 -9 -5 91 74 -153 -56 121 -102 -114 141 -83 150 -120 110 -206 -170 130 -218 208 99 4 -8 157 -28 114 166 29 101 -82 -217 3 241 -43 146 177 21 -109 -99 83 217 239 172 -122 198 -31 -183 171 210 -243 -178 -228 118 30 109 191 79 -85 226 -203 209 66 -174 199 -169 -52 158 -1 84 225 228 -58 161 215 204 165 -101 55 80 5 12 227 -250 203 -200 -157 -237 183 -156 -98 -125 -142 202 136 -184 194 62 105 -204 -87 -220 58 -34 -121 -221 140 135 -22 -29 -66 -118 164 106 242 115 -93 -185 -136 173 -241 -73 14 179 -111 187 6 54 -47 87 16 -155 -61 -53 -166 184 73 162 195 -126 -94 -194 22 -95 52 212 -131 -4 102 -208 142 86 -63 -216 69 -197 -239 213 56 -129 63 174 59 134 78 -160 43 190 -238 -6 -30 -214 -75 -41 -173 233 153 94 49 -167 -151 -146 1 245 -65 -117 -245 40 -89 -182 192 107 -68 -230 50 -190 -39 205 -13 11 -38 -232 70 -60 -116 200 35 -67 -179 -244 223 -46 9 189 -192 100 38 -235 125 75 -25 -49 -209 -74 -147 25 -135 17 -139 211 -37 -77 -124 -112 -44 31 -202 -223 90 28 -226 -201 103 71 -78 8 -24 -80 -163 -191 108 -2 -81 236 -92 113 229 -113 -45 122 -215 154 23 160 -172 -51 64 -33 -224 95 34 148 47 -62 -231 -145 -100 41 -137 -26 -186 -149 -50 -187 126 237 128 -7 -219 123 -225 247 163 20 139 201 -115 124 219 -132 144 159 -27 143 -57 -177 -10 181 -128 -40 -193 -59 145 -106 27 -180 -103 -199 185 -140 186 -69 33 85 232 -141 243 178 -249 -181 246 -211 48 -247 220 18 37 221 39 169 -96 -127 -55 24 147 -212 -205 45 -165 -158 129 44 230 60 -72 -110 127 82 182 -242 -90 231 -213 151 10 -144 -246 -240 -20 132 42 -162 -229 152 155 15 -18 81 -119 -54 -143 -23 -138 -42 51 249 -189 57 92 206 
TEST 10 ARG:5 -4 208 -111 -2 28 110 6 -52 48 -6 -198 -72 -153 -139 -23 3 -154 -236 64 227 -113 37 111 -58 -230 -5 117 -107 80 -90 -101 178 -240 -24 -12 -244 245 61 171 -148 230 -104 169 -193 155 -241 -228 -209 -245 234 -31 232 75 82 31 -108 -80 165 -202 -140 -155 95 90 73 -217 -29 -125 -38 148 -13 -85 24 -9 65 79 -238 17 226 -194 247 94 -87 160 -231 -115 30 -56 -146 140 -37 -124 56 36 -216 -184 189 -76 -126 119 -151 133 231 -3 97 -200 -92 -67 134 -99 10 223 108 11 -17 121 -59 -136 184 -182 46 241 44 103 149 -167 -207 144 -164 243 237 -60 -30 93 -226 -165 -225 233 25 -105 163 215 51 -78 -45 -181 -219 156 -156 102 -172 123 -186 -100 -147 71 236 150 195 -74 59 -20 -199 114 -25 -157 136 -214 -179 166 -215 -116 -36 109 -233 -205 -174 14 -71 -96 -197 -40 -134 244 131 -65 126 -142 196 -210 12 -69 138 -77 -133 -106 92 122 -19 2 -122 -35 197 186 115 -161 143 -123 -70 204 40 -213 -211 199 -21 -102 130 -26 157 -223 78 -89 -137 72 -49 -79 151 53 -48 68 113 47 246 -242 179 -141 206 198 -212 -180 -178 99 213 170 142 -128 217 235 -204 175 -143 88 54 176 104 -43 -170 83 -50 -246 229 18 32 168 -112 -159 125 225 112 -86 -73 -98 -18 106 38 -7 -160 137 -66 43 96 132 -185 129 205 15 -22 -201 211 -171 177 -169 -196 183 209 7 240 -88 210 -232 13 139 50 -237 -14 -162 105 -33 87 164 4 107 -176 192 -34 20 35 219 -55 -91 152 -138 -163 -64 -10 -135 -248 214 55 -118 66 29 222 21 23 187 159 -1 174 193 -173 161 98 212 -54 162 -27 62 120 203 220 -16 -75 8 -129 -103 -221 124 201 84 118 -168 -47 77 -83 -144 86 185 -227 249 42 -203 -119 -46 218 -15 172 -127 -41 63 228 -110 173 -150 -82 153 -152 242 -220 -62 -84 -131 39 146 16 -235 52 67 89 41 -188 182 -114 224 -93 -222 191 -63 69 207 -130 -32 -195 128 33 -247 190 -132 181 -158 -249 -120 216 60 100 141 -53 0 -206 -175 -11 -243 58 -183 145 26 -192 -109 76 -189 194 22 -44 -95 -57 19 -177 -94 70 188 57 200 -234 -190 -166 34 1 -229 27 180 -145 45 147 154 -8 -117 81 9 -224 -42 167 49 221 -191 248 -39 -208 -250 74 135 101 -218 -97 239 127 -121 202 -149 -28 158 -81 -61 -68 -51 91 -187 238 -239 116 85 
TEST 11 ARG:59 79 243 -5 1 -148 58 83 206 -103 18 -49 -56 -181 -119 77 118 187 234 -187 -160 -130 42 -11 169 111 -93 127 -131 -42 -124 81 185 -166 -72 84 30 -232 -79 -144 242 -85 -120 -243 91 -37 -82 186 86 -195 -108 228 75 48 -246 209 -191 -151 -78 144 -88 82 124 200 80 -46 -6 -212 183 225 131 -123 -13 -89 -58 214 -71 120 210 123 65 -100 39 70 106 29 -102 54 16 -43 -226 -225 -34 62 -216 -21 222 -209 -39 147 -33 67 -145 140 197 238 63 107 150 -14 27 95 -114 175 -99 142 -231 78 -73 177 133 215 170 129 134 -41 232 202 149 240 98 205 -153 246 -52 190 94 -8 136 -94 96 -77 153 89 -59 -3 31 -183 146 -24 148 194 -155 69 13 -30 3 -25 208 -164 -118 -163 -152 -20 -98 99 -185 198 227 43 -134 -156 -241 179 -57 191 221 236 -237 -18 -45 -112 181 248 -38 56 241 -28 -238 213 51 -184 5 226 237 23 -127 14 172 -228 -63 126 -32 -240 -17 -15 -174 -22 -218 -26 88 71 112 244 36 49 -193 -121 -61 -230 -250 41 -137 -213 218 -27 -161 180 -172 38 -249 -91 -111 108 53 -90 -140 -189 167 -35 74 57 -129 -110 21 -138 -36 44 -158 -44 -54 66 85 145 -76 110 -247 -197 -207 143 -224 -217 121 174 -96 113 171 -106 -105 103 116 -92 155 -210 -229 -7 8 188 -4 -147 -31 40 152 55 109 122 -133 128 -75 235 25 162 -109 245 -219 -65 196 163 -223 -177 -101 189 34 72 -202 68 -107 239 76 19 102 -10 24 -116 -236 115 -12 230 166 2 211 -173 223 104 -222 -84 -83 -214 7 193 12 9 22 -29 224 -74 -40 -80 -180 -115 -50 -206 201 -192 -200 173 233 92 93 217 -171 -205 216 -159 164 -113 -248 -97 52 -176 -16 -136 4 -128 -62 -203 0 -198 138 -182 -122 -208 -150 -23 -168 154 -51 -9 10 -211 114 35 -204 17 -132 -117 168 60 -70 -19 -233 46 229 207 -227 45 11 119 28 137 -239 156 47 20 -165 -188 -194 -60 159 -126 -48 97 125 -179 160 130 -199 87 50 -141 -95 15 -53 212 100 -142 141 -178 139 33 -69 -68 -135 -125 -55 -242 -67 -190 -157 -87 32 192 219 -154 195 -81 220 -139 247 64 176 182 105 -244 -167 -235 203 -146 90 165 151 -196 -66 61 231 -215 132 6 -201 -47 157 37 -169 -245 -162 -143 -186 135 161 117 -104 -86 199 -2 -1 26 158 -175 -149 -64 249 -220 204 184 -170 178 -234 101 73 -221 
TEST 12 ARG:-142 -129 210 215 145 201 171 46 -194 -161 -176 77 223 -73 -229 -56 75 -46 -159 -80 -119 152 91 -245 -22 -2 135 -239 29 -14 96 104 78 163 -61 12 -79 126 160 -104 -123 89 206 -204 -144 -220 -170 74 -141 -30 167 -226 15 -39 70 -93 5 241 49 186 -234 -54 219 -47 -187 -231 40 142 -162 100 148 -138 234 144 -146 -200 235 238 123 86 97 41 -51 112 -188 -206 -126 23 -60 205 -139 -110 -67 -59 151 -37 103 236 33 -91 130 -25 -246 -6 -98 6 24 51 -94 -238 116 173 83 67 -111 106 -248 181 -27 169 13 125 110 99 146 -201 19 -211 -171 34 -213 131 195 -10 -124 -196 150 -81 209 111 177 220 21 137 165 -177 166 -143 -72 -113 2 -247 115 71 -184 -77 -4 -114 198 38 120 203 -1 -128 79 182 -31 183 11 54 -97 -15 95 -5 -164 214 88 42 -224 -222 -21 37 199 -133 194 -26 57 -237 246 200 -174 -36 58 -92 134 -203 202 81 -152 212 -42 138 -167 -19 -166 43 228 -83 229 -172 159 -216 222 -233 168 221 -212 -32 9 62 -191 -34 -221 -70 18 -115 188 105 -105 -85 -40 55 -108 204 -103 129 175 197 0 -228 218 133 80 -20 -130 68 60 -112 162 -41 93 224 136 156 -154 119 -127 -102 4 248 -160 -236 -125 -7 -168 14 66 -38 -68 3 -182 -100 114 101 69 -180 -29 -63 -131 -118 -95 -227 153 113 -242 -202 154 92 128 -210 -148 -151 63 -163 -58 -35 -16 90 237 20 124 50 107 240 108 143 -33 -219 -120 -117 217 76 141 176 -106 -145 109 -74 244 207 140 -11 243 147 -69 -186 233 -193 226 25 7 -157 118 247 -86 -149 1 -45 -140 -197 -24 187 56 149 157 -178 53 -71 -156 -23 -241 84 179 59 -116 -75 52 10 64 -49 208 -89 232 -190 121 -18 -183 -43 16 127 -13 -232 -195 172 190 -99 32 -217 -109 -44 -208 -173 -207 -192 27 -218 -136 -205 -55 35 -12 -185 -64 227 102 -121 45 65 -62 44 -9 -198 122 -181 231 61 -87 26 185 -175 174 73 -244 -28 -240 -134 -230 -82 -214 -199 -165 196 161 180 -209 192 -235 22 -88 -155 -153 -3 213 211 -249 189 -225 239 193 85 -132 28 -107 -169 117 242 -147 -135 -250 -90 -78 -96 164 17 87 -57 -52 158 -65 -215 -66 249 184 36 -17 132 47 -48 -84 -53 -101 -243 31 98 178 -179 245 48 230 -76 -8 155 191 -223 -150 225 39 -189 94 139 82 170 72 -158 -50 8 30 -137 216 -122 
