Multiple size <= 100
TEST 1 ARG:76 95 33 1 61 4 55 94 38 25 51 11 84 37 21 12 14 36 24 15 44 93 69 96 89 42 62 88 81 23 31 74 27 0 86 7 20 63 64 22 28 13 2 73 18 72 90 40 49 77 67 60 3 98 91 39 47 56 80 78 71 53 17 70 41 58 6 92 10 45 59 75 5 48 57 50 46 35 26 34 19 29 82 8 9 97 79 54 99 83 16 30 68 43 52 87 65 32 66 85 
TEST 2 ARG:81 8 32 50 77 47 90 45 54 52 15 95 56 24 25 96 7 31 84 49 59 40 99 65 39 5 28 69 88 29 93 34 58 36 27 11 19 16 38 89 78 85 70 94 3 37 43 9 92 63 21 67 76 91 46 72 62 51 87 2 30 26 80 13 53 41 23 86 66 6 60 61 79 71 18 98 97 22 75 20 55 74 42 12 1 0 14 68 33 57 48 17 82 83 44 4 64 10 73 35 
TEST 3 ARG:95 68 72 52 45 42 35 66 93 23 58 85 56 84 59 57 34 14 63 69 60 20 51 7 33 82 76 92 99 25 1 38 70 37 98 96 21 75 54 18 86 30 28 19 29 8 90 91 97 53 73 48 26 50 87 55 80 27 15 3 67 79 81 43 0 61 17 36 89 49 74 16 44 46 11 5 40 88 22 65 83 24 64 71 2 62 77 39 41 6 47 9 94 12 13 32 10 78 4 31 
TEST 4 ARG:77 36 20 17 50 39 78 91 32 76 25 35 94 48 23 41 64 52 51 83 75 62 21 58 9 55 22 57 11 49 5 19 80 6 13 85 74 28 72 99 10 40 47 97 67 89 16 93 59 46 68 87 56 42 88 61 7 0 14 60 71 98 34 90 65 2 73 33 18 79 92 4 82 3 63 30 8 70 29 43 53 84 54 86 26 31 38 12 15 66 95 24 44 27 96 1 81 45 69 37 
TEST 5 ARG:53 88 98 51 1 72 77 7 89 65 66 3 17 9 30 39 45 49 73 8 32 48 37 86 21 6 2 50 62 4 36 29 10 59 38 74 87 26 57 15 94 61 28 11 34 90 67 19 55 16 70 42 99 13 63 52 68 58 85 75 69 91 71 23 54 41 96 80 5 93 18 35 56 40 95 0 81 31 22 84 64 82 79 20 43 24 92 25 46 47 83 60 14 44 78 76 12 97 33 27 
TEST 6 ARG:92 49 53 59 99 9 75 25 2 15 56 5 90 40 63 7 47 84 13 85 20 50 11 97 79 36 42 71 60 35 44 95 82 8 48 32 30 86 77 69 23 10 94 39 80 91 93 12 34 28 17 89 24 70 38 51 73 18 19 96 3 72 54 66 16 29 26 81 68 27 37 76 58 62 41 64 4 6 22 14 33 87 31 98 43 1 57 0 21 61 88 55 74 46 83 67 78 65 45 52 
TEST 7 ARG:30 29 70 27 41 44 85 39 34 80 92 81 79 47 88 16 38 57 13 76 37 42 14 68 6 73 8 69 46 32 96 97 67 54 98 19 77 50 40 91 59 10 35 75 7 9 74 86 0 84 20 18 53 65 25 62 36 78 11 66 22 5 3 87 1 48 90 45 33 15 60 17 83 61 82 31 2 93 52 99 56 26 43 64 24 49 12 55 23 71 58 51 95 89 28 94 21 4 72 63 
TEST 8 ARG:78 83 12 55 63 24 45 72 31 92 52 82 86 7 62 34 85 27 75 9 74 44 17 91 56 88 40 79 36 46 26 51 38 69 30 8 68 77 67 10 23 3 49 47 22 13 58 97 81 33 41 4 20 2 29 80 98 50 5 48 61 96 0 11 16 32 73 99 25 65 59 90 37 84 6 76 15 94 43 54 53 57 93 66 28 14 64 71 35 89 87 21 39 1 70 60 42 18 95 19 
TEST 9 ARG:49 79 18 73 80 48 37 60 47 41 63 43 13 4 1 90 64 53 52 85 92 25 70 7 16 59 75 50 51 6 5 30 2 3 27 93 83 35 10 28 94 81 96 77 69 14 61 87 44 22 38 29 72 84 36 31 58 20 57 46 42 32 12 56 55 19 71 26 11 39 33 74 76 88 24 62 21 34 95 0 9 91 15 40 45 54 65 68 89 17 78 99 67 82 8 86 98 97 66 23 
TEST 10 ARG:25 87 79 27 42 76 57 21 17 70 2 60 43 49 46 94 40 74 1 95 14 84 24 67 54 23 69 45 7 93 44 58 56 9 53 4 47 33 71 30 35 16 62 8 5 96 15 3 13 55 72 18 92 38 59 63 26 88 89 12 90 66 64 68 0 10 81 85 11 34 82 50 61 32 31 20 6 36 37 41 65 97 80 77 51 73 22 98 28 48 86 78 39 52 75 83 29 99 91 19 
TEST 11 ARG:51 71 38 24 50 29 12 80 60 8 83 35 62 91 74 97 28 92 52 34 45 26 16 99 4 2 89 64 76 54 5 9 15 6 66 44 27 14 63 77 47 65 58 86 61 41 43 93 94 57 78 69 84 40 85 53 20 49 90 70 88 18 68 37 79 95 7 25 87 22 36 46 1 13 56 23 31 19 48 75 33 21 32 81 59 39 73 42 98 82 96 11 0 30 10 72 3 67 17 55 
TEST 12 ARG:58 37 24 66 41 77 78 40 86 79 14 46 38 29 1 31 5 87 51 64 68 4 56 81 17 6 82 11 75 18 76 53 91 80 9 32 88 92 98 65 96 23 44 94 28 60 0 19 3 48 89 99 72 50 85 15 45 67 83 30 8 27 26 90 61 69 10 16 93 25 13 62 73 2 95 55 36 74 20 70 12 49 52 43 63 35 54 47 33 7 42 59 84 39 97 22 21 57 71 34 
TEST 13 ARG:48 12 55 67 18 92 59 6 41 9 10 79 40 64 33 68 25 50 35 11 99 3 16 58 85 21 26 7 71 81 17 87 72 69 94 51 65 53 5 82 77 93 43 60 44 8 47 70 63 20 4 37 75 39 15 62 30 89 32 78 22 19 45 96 91 49 74 1 54 28 42 66 88 98 52 80 34 76 61 46 73 90 27 56 13 2 24 38 95 36 31 57 0 86 23 84 83 29 14 97 
TEST 14 ARG:71 44 69 52 11 45 36 21 92 51 7 12 27 0 78 41 23 9 81 24 72 29 15 18 67 43 34 30 76 26 1 19 4 42 82 49 96 62 56 47 35 14 28 93 16 94 68 66 37 46 48 77 59 40 58 80 55 63 2 85 90 3 79 64 83 13 89 99 20 10 61 32 54 74 57 70 65 5 60 31 53 95 39 84 38 17 87 8 88 33 25 22 6 50 91 73 98 75 97 86 
TEST 15 ARG:74 23 46 96 99 5 94 83 75 10 84 1 28 12 60 64 77 11 21 55 27 29 61 52 66 79 91 80 2 15 34 33 13 6 3 26 36 54 89 70 88 59 81 41 93 76 25 58 56 97 30 92 73 40 72 16 18 78 39 0 95 63 71 86 7 98 14 43 42 4 19 53 35 24 67 51 45 50 90 22 32 8 17 82 65 48 87 37 47 69 20 85 31 62 68 57 49 38 44 9 
TEST 16 ARG:37 55 94 92 30 75 21 84 39 78 85 14 8 33 67 22 12 68 49 91 45 11 17 40 41 2 57 4 81 74 80 83 90 65 54 10 38 46 98 35 32 82 9 31 56 51 43 18 5 73 53 27 20 25 72 95 13 69 7 89 76 70 29 96 97 23 28 99 44 71 36 42 52 77 48 24 15 6 50 62 26 63 87 3 64 61 1 19 86 88 34 93 47 79 59 60 0 58 16 66 
TEST 17 ARG:13 93 42 59 2 5 8 9 98 25 47 32 55 36 67 95 52 20 86 37 58 84 74 85 88 81 23 43 41 90 31 48 61 94 21 28 73 65 79 27 66 51 14 35 44 70 26 68 40 83 10 60 57 3 22 17 15 92 54 34 76 18 50 29 30 75 72 80 63 45 64 82 4 12 87 7 39 38 62 46 77 1 89 0 69 24 97 11 96 53 91 99 33 19 49 78 56 16 71 6 
TEST 18 ARG:2 62 6 74 95 38 67 37 93 82 19 33 60 90 99 56 20 80 12 72 5 70 55 7 3 87 78 97 30 76 51 35 26 53 28 41 10 25 48 69 49 31 59 43 65 66 83 92 98 84 86 47 13 46 57 58 39 91 73 34 54 88 22 11 0 81 63 52 27 32 50 79 15 68 94 45 85 21 8 42 9 17 77 40 14 29 1 16 61 75 18 44 64 24 4 96 89 23 36 71 
TEST 19 ARG:39 42 19 86 54 47 77 18 69 7 52 57 75 56 27 14 63 11 83 33 35 16 99 46 73 1 6 89 15 78 64 94 74 23 66 93 71 32 68 65 59 82 24 96 5 95 80 44 17 97 45 70 53 10 4 79 72 12 49 48 20 37 91 76 38 8 29 30 88 13 90 58 40 0 36 43 87 2 25 92 61 98 26 22 28 9 62 21 31 41 55 3 51 50 67 85 60 34 84 81 
TEST 20 ARG:8 72 60 16 51 57 21 63 75 39 0 92 10 13 23 68 46 86 58 52 20 26 83 27 89 5 25 59 82 85 94 48 22 76 28 32 79 45 38 54 18 41 9 35 33 42 98 97 24 30 77 56 47 36 69 11 70 19 2 91 65 96 6 88 49 80 17 7 73 3 74 53 12 43 64 62 78 34 61 40 84 44 66 50 71 67 31 95 1 93 15 99 81 37 87 14 90 55 4 29 
TEST 21 ARG:78 95 72 88 2 90 30 94 42 10 96 57 75 12 44 7 17 55 41 33 35 85 68 82 69 0 18 36 91 71 16 86 40 45 64 37 27 11 76 6 70 22 49 98 31 9 89 39 74 24 54 28 83 4 60 61 1 53 19 20 23 15 48 43 59 97 66 84 81 51 38 25 29 58 52 73 13 32 63 93 79 5 21 92 99 65 67 80 50 14 8 77 62 56 87 26 47 34 46 3 
TEST 22 ARG:48 81 36 51 77 60 76 63 98 21 32 62 4 44 15 27 56 61 58 55 86 99 26 18 97 25 59 9 50 85 71 88 57 3 47 78 19 64 80 33 39 87 54 38 73 20 28 8 52 37 72 95 31 6 45 5 12 46 2 91 17 42 40 68 53 75 70 29 35 79 0 74 30 84 69 49 93 96 66 34 10 92 43 22 90 14 1 7 41 24 23 11 67 83 65 13 16 82 94 89 
TEST 23 ARG:5 16 66 67 34 26 92 23 98 77 13 20 60 22 46 2 31 24 14 49 79 63 81 0 99 96 80 82 25 72 71 85 30 89 61 52 88 50 57 29 93 37 55 3 73 95 21 48 36 42 27 62 15 54 4 39 74 28 35 65 17 83 6 68 53 97 19 87 78 38 18 86 56 44 94 90 9 43 69 58 10 40 75 11 12 84 45 64 41 47 32 8 1 51 33 76 91 7 59 70 
TEST 24 ARG:58 71 76 43 23 80 17 57 29 10 28 41 77 83 21 33 53 19 18 67 75 51 95 66 24 13 4 98 96 78 81 3 2 61 65 89 8 45 60 0 63 1 34 22 40 16 54 72 91 90 36 87 93 64 74 35 32 97 55 62 30 99 42 84 20 52 79 9 25 48 47 37 11 86 68 69 82 49 50 70 38 85 44 39 27 5 46 15 31 14 88 56 73 59 6 92 94 26 12 7 
TEST 25 ARG:59 91 41 84 65 60 5 78 31 20 26 28 35 44 46 18 76 2 17 32 49 30 97 45 48 55 11 56 6 8 22 14 93 92 37 3 73 85 95 83 10 88 4 12 94 15 62 99 96 23 86 24 27 40 71 66 67 51 47 58 81 63 21 39 89 1 87 68 75 0 50 98 80 72 34 19 77 25 9 16 29 36 42 79 38 61 57 74 70 13 53 64 69 90 54 33 52 7 82 43 
TEST 26 ARG:55 42 50 52 20 76 9 69 34 95 29 28 57 0 78 90 72 73 21 75 24 36 49 79 38 39 62 12 22 1 45 70 40 6 31 89 5 48 83 23 88 35 92 11 7 33 80 61 58 65 14 54 43 15 46 98 51 93 67 30 18 77 86 53 25 10 85 3 66 19 82 64 87 17 32 2 96 94 99 97 91 71 56 27 47 84 59 81 8 41 13 37 60 63 26 74 68 16 4 44 
TEST 27 ARG:45 60 10 53 73 99 91 65 92 34 64 52 66 94 58 20 40 54 70 2 5 19 97 11 95 15 31 26 3 24 41 87 89 68 22 98 74 90 1 80 76 75 39 38 16 42 61 84 47 56 63 88 36 30 79 7 69 13 46 17 55 57 29 50 32 62 27 93 18 4 12 96 14 0 77 82 21 28 44 51 72 67 86 78 23 71 6 8 9 33 83 85 37 81 43 35 25 48 49 59 
TEST 28 ARG:2 42 56 38 7 52 71 4 8 37 19 36 96 97 89 66 94 65 44 39 98 26 23 17 62 33 86 95 51 82 34 74 15 75 22 63 47 40 28 13 73 21 32 30 29 25 92 10 57 80 90 72 81 31 55 43 67 0 9 99 83 91 14 50 48 20 64 6 12 53 79 84 41 70 58 87 35 88 61 1 45 85 5 68 59 76 27 24 46 60 3 78 77 16 69 18 49 54 11 93 
TEST 29 ARG:54 53 36 97 21 88 46 26 79 52 18 76 16 77 5 69 33 63 39 68 14 50 32 28 56 66 34 2 8 78 44 96 74 1 23 84 49 90 57 43 7 61 29 60 4 31 20 48 92 30 64 58 99 71 11 93 62 85 40 75 94 45 67 25 47 81 22 37 3 83 51 65 72 6 41 91 82 86 70 59 95 10 80 35 42 27 0 98 87 17 9 12 13 24 89 55 15 73 38 19 
TEST 30 ARG:99 42 74 90 30 28 83 19 98 10 77 61 0 71 7 63 27 1 46 24 94 33 79 40 56 39 16 88 41 29 73 26 92 6 5 14 36 31 60 38 11 75 32 9 78 82 85 13 89 47 21 95 15 35 25 50 43 59 91 18 54 55 62 44 66 12 93 76 97 49 86 87 80 37 20 72 57 58 69 8 64 51 2 52 34 3 84 70 67 4 53 22 81 17 65 68 48 23 96 45 
TEST 31 ARG:49 14 81 85 57 31 59 64 22 63 19 78 3 71 10 67 17 52 89 70 13 68 87 44 0 34 88 12 24 54 83 77 93 58 11 26 37 8 33 40 30 16 18 2 76 65 20 56 46 35 94 36 28 79 27 38 15 91 80 1 32 66 39 29 74 25 98 61 86 50 72 95 84 5 23 48 9 96 82 92 62 7 6 21 53 99 43 60 51 75 55 97 90 73 41 69 47 42 4 45 
TEST 32 ARG:0 12 82 66 92 89 39 9 4 46 50 61 43 27 87 69 97 38 26 8 78 80 59 34 22 60 98 56 67 10 45 49 7 83 5 74 24 90 21 36 91 86 42 84 54 13 15 3 76 29 58 20 2 14 1 17 70 94 96 18 65 19 95 48 75 6 32 81 23 52 63 71 37 11 99 79 85 64 51 40 68 57 41 73 88 25 16 55 35 93 62 47 53 77 72 31 30 28 44 33 
TEST 33 ARG:27 28 79 77 2 61 47 25 95 82 63 80 40 86 94 59 53 8 50 54 41 29 5 62 69 11 44 26 16 15 75 31 73 68 67 60 56 3 20 0 93 66 23 42 58 91 7 6 65 70 98 36 33 78 17 30 57 72 52 81 43 24 34 99 32 45 18 84 22 74 55 37 39 85 48 49 89 88 76 19 35 9 64 96 38 97 1 4 10 71 13 51 14 92 21 12 87 46 83 90 
TEST 34 ARG:33 92 25 76 53 75 62 88 7 4 50 21 74 32 55 37 84 44 81 66 77 87 42 19 6 41 22 27 28 15 40 31 99 64 78 57 65 85 51 0 38 67 58 30 82 3 94 35 83 59 93 5 43 36 68 46 14 72 29 95 17 91 80 79 26 70 23 61 10 20 56 97 54 52 98 45 34 39 69 89 12 73 60 8 47 96 11 48 24 71 63 49 2 90 9 16 1 18 86 13 
TEST 35 ARG:18 42 37 8 22 30 98 81 82 43 52 19 53 0 1 40 13 59 55 83 68 60 93 90 71 96 2 62 65 20 76 15 56 54 41 67 95 36 34 5 35 9 32 89 28 24 31 58 46 29 97 26 63 51 74 50 48 44 47 11 77 27 23 3 57 66 75 33 6 72 84 64 87 45 94 49 69 92 14 88 17 86 61 7 4 12 79 80 39 38 70 10 16 78 21 85 25 99 73 91 
TEST 36 ARG:81 4 23 48 12 25 35 37 17 62 39 30 47 16 10 2 58 50 76 83 70 78 61 9 20 86 69 33 42 41 54 44 60 85 97 24 34 82 91 57 38 15 77 8 93 87 88 80 94 31 96 95 68 66 52 73 27 6 3 21 56 63 18 79 0 40 46 64 11 74 19 67 26 90 28 29 71 45 51 1 72 36 59 32 13 49 22 92 55 43 98 65 84 7 5 75 53 89 99 14 
TEST 37 ARG:91 25 73 69 97 60 99 80 89 3 81 1 58 14 23 67 72 6 96 93 19 82 7 57 9 76 66 85 17 26 10 46 18 29 21 78 42 41 95 74 27 33 71 37 70 65 77 86 50 79 28 8 40 32 90 30 13 68 56 92 63 49 39 54 15 4 20 59 24 94 61 11 44 38 45 87 55 75 98 52 16 64 35 53 12 84 22 51 5 0 2 43 34 48 88 62 31 36 83 47 
TEST 38 ARG:66 38 94 15 0 63 19 85 6 57 50 30 64 47 80 56 59 1 97 67 53 68 49 58 89 62 45 44 37 40 88 29 9 16 32 24 28 99 20 46 43 13 86 41 83 61 77 22 5 71 65 96 21 79 42 75 14 12 91 2 33 34 93 17 90 60 87 92 76 11 55 39 10 74 51 73 72 23 18 27 31 4 8 26 78 82 3 84 54 25 7 70 98 35 81 36 52 95 69 48 
TEST 39 ARG:8 1 63 89 52 42 97 12 51 62 94 17 82 58 32 34 11 73 16 28 30 87 86 54 67 27 72 21 47 84 20 38 76 57 60 31 9 66 92 75 49 43 13 95 37 61 7 36 24 56 99 23 15 48 85 79 78 88 26 64 55 91 90 3 14 45 80 22 74 53 41 5 39 33 77 65 6 40 29 50 68 96 19 0 93 44 25 69 46 18 4 2 35 98 83 70 59 10 81 71 
TEST 40 ARG:45 8 38 19 51 20 26 23 83 54 17 4 18 14 7 95 13 28 58 16 85 37 62 30 69 21 79 56 86 42 55 68 0 48 89 10 70 9 22 82 53 27 94 80 34 93 49 44 5 24 84 11 88 71 74 41 65 43 78 97 72 99 73 60 39 12 46 81 6 63 87 76 67 2 1 32 96 25 50 66 35 40 47 77 57 36 90 75 33 52 3 91 64 61 29 31 59 98 15 92 
TEST 41 ARG:7 72 34 32 62 42 17 49 82 52 0 54 1 61 75 43 26 74 4 98 93 51 63 64 87 6 90 68 81 59 79 56 20 5 33 12 96 45 47 30 10 77 13 19 23 35 21 29 58 9 89 44 15 38 86 3 39 91 97 48 50 36 60 85 94 67 55 40 84 16 46 70 37 95 71 41 27 2 18 76 8 80 53 31 69 28 88 78 83 11 92 57 73 65 25 24 99 66 22 14 
TEST 42 ARG:7 65 23 96 55 5 54 75 86 18 58 37 31 93 66 56 88 72 91 81 94 19 1 4 24 17 25 95 63 20 77 11 39 50 62 32 33 74 68 64 44 89 57 40 10 53 97 47 92 22 59 27 79 76 52 70 34 43 13 28 41 99 15 73 51 84 78 35 16 8 9 71 42 3 26 61 14 12 69 82 6 87 80 30 38 0 29 36 90 2 60 67 46 49 48 98 21 85 83 45 
TEST 43 ARG:85 38 72 57 55 66 74 64 26 44 86 69 43 25 91 11 95 50 71 83 63 51 9 76 37 29 94 45 87 17 33 88 13 28 49 93 24 46 4 82 73 59 89 68 78 58 10 56 7 67 47 79 84 30 8 5 75 32 12 96 70 36 48 40 35 14 21 27 0 1 22 53 3 77 16 41 54 65 60 20 98 92 34 97 23 61 6 2 90 42 39 18 15 62 80 19 31 52 99 81 
TEST 44 ARG:15 63 56 97 46 54 99 29 32 68 98 30 38 26 18 74 44 34 53 13 41 96 72 93 66 69 31 11 57 3 47 28 73 19 49 21 0 24 45 16 23 95 1 87 90 22 50 71 89 43 7 40 61 37 55 33 81 83 76 82 67 20 10 88 77 59 62 12 78 75 91 6 58 65 48 60 86 8 85 52 35 51 84 4 94 42 27 64 70 80 25 79 36 92 14 5 9 39 2 17 
TEST 45 ARG:8 5 41 80 62 65 17 89 51 25 14 16 85 81 31 60 37 30 90 32 36 84 55 98 19 72 23 44 88 56 49 27 21 61 63 35 67 15 11 50 78 46 76 38 45 40 24 12 53 64 48 3 22 4 6 70 87 7 26 73 57 83 74 75 34 29 99 58 9 93 66 68 47 43 18 71 97 52 2 86 1 82 39 96 42 79 13 20 91 33 69 95 77 10 94 59 54 92 0 28 
TEST 46 ARG:45 43 60 91 54 16 18 87 39 23 27 29 20 22 67 19 10 98 35 88 68 25 78 93 69 2 97 31 73 38 77 84 76 30 47 0 36 80 33 90 12 94 64 9 46 74 3 34 13 82 32 14 28 6 50 11 24 75 52 66 71 86 63 89 72 4 5 8 55 57 56 17 61 99 1 37 92 44 65 85 79 40 42 62 58 15 41 83 7 51 59 48 53 96 21 26 81 49 95 70 
TEST 47 ARG:80 77 25 32 98 26 48 30 84 15 57 41 50 46 71 42 40 97 45 38 34 1 28 60 56 14 74 64 69 33 61 59 22 67 51 89 8 47 96 53 72 83 17 12 35 9 39 95 79 94 19 70 11 6 86 43 29 85 44 16 20 55 66 65 82 27 54 58 18 4 87 13 73 63 3 49 92 75 78 91 52 81 93 68 5 99 7 31 62 24 10 37 2 76 88 21 23 36 90 0 
TEST 48 ARG:98 9 69 32 55 13 53 66 10 31 83 94 92 61 2 64 80 59 35 25 11 30 63 88 6 49 91 17 41 16 5 85 51 97 73 54 37 40 39 87 52 72 81 21 48 46 27 82 65 67 96 60 20 24 86 15 68 45 3 12 23 84 99 28 0 44 7 50 75 18 14 74 36 89 34 4 22 78 33 19 79 77 43 93 38 95 42 62 70 57 90 1 58 47 26 71 8 29 76 56 
TEST 49 ARG:77 97 29 26 5 36 39 61 45 17 6 42 86 78 23 76 46 9 73 35 25 18 48 20 95 57 52 0 69 49 37 81 16 15 84 89 83 63 11 32 99 24 60 94 64 2 7 34 87 66 50 43 96 41 47 30 44 59 79 53 68 3 70 90 74 54 14 75 62 85 31 22 55 51 28 98 92 72 93 80 21 40 71 10 12 19 67 33 4 82 88 27 91 38 1 8 13 56 65 58 
TEST 50 ARG:86 93 23 70 72 63 2 98 51 62 58 14 16 91 89 5 47 32 24 17 65 34 81 85 60 30 80 11 73 57 25 48 75 13 10 35 71 82 74 43 40 77 9 29 97 69 64 0 36 39 28 84 52 4 3 6 19 45 33 55 21 46 44 49 38 18 53 76 94 88 37 56 54 20 31 96 50 83 12 22 95 92 42 59 26 7 66 87 27 78 99 67 1 79 41 8 15 90 61 68 
TEST 51 ARG:28 73 99 56 20 7 37 62 90 5 80 68 61 6 50 29 15 27 55 13 40 30 89 70 86 63 11 79 26 98 77 91 19 87 12 47 69 38 18 41 74 10 8 35 48 92 81 84 36 67 3 22 32 54 83 51 65 23 57 58 78 24 16 93 64 94 33 14 44 31 71 59 9 49 45 4 21 96 0 97 72 85 17 76 39 2 42 88 66 53 25 46 60 34 95 43 82 52 75 1 
TEST 52 ARG:42 49 32 6 74 65 76 50 68 96 46 54 2 82 88 69 16 90 41 31 80 75 63 92 40 71 53 57 36 60 23 15 25 55 61 66 18 20 44 89 24 51 48 59 0 4 45 93 34 98 14 33 72 97 77 11 99 39 84 79 43 64 26 67 30 73 56 17 87 62 35 28 10 70 81 83 94 91 29 47 12 27 85 37 38 86 21 52 95 3 19 7 9 13 78 58 5 1 8 22 
TEST 53 ARG:16 38 7 96 93 34 73 56 40 59 32 20 30 42 41 87 14 48 13 35 15 3 67 90 52 24 46 91 89 6 25 76 8 62 19 85 78 98 92 5 37 81 54 26 99 70 49 75 71 95 4 74 68 12 55 50 66 44 27 86 23 43 22 9 18 94 39 10 57 53 2 69 63 33 36 80 58 61 77 97 82 31 21 88 45 47 64 65 11 72 83 79 28 29 51 60 84 17 1 0 
TEST 54 ARG:50 93 32 55 42 46 29 91 94 82 79 54 44 75 47 6 58 8 4 68 85 11 13 18 37 62 33 7 23 45 73 71 12 35 31 40 34 41 65 28 78 19 96 97 43 59 2 15 63 98 61 89 92 90 52 67 72 38 9 26 60 84 95 56 86 5 25 99 66 81 36 22 53 20 3 1 27 16 74 17 87 0 48 39 70 57 88 77 14 76 80 21 49 30 83 24 51 69 64 10 
TEST 55 ARG:88 47 14 76 64 74 65 94 56 48 42 84 37 73 8 23 13 69 4 57 75 49 68 60 22 62 86 99 3 55 45 92 30 25 15 0 41 21 19 66 26 54 85 18 71 93 36 38 11 63 90 33 87 67 17 34 2 61 44 16 6 95 72 52 59 80 10 28 12 46 1 89 9 39 31 77 83 27 97 24 5 20 70 53 29 43 78 50 81 32 35 58 98 51 96 91 79 40 7 82 
TEST 56 ARG:61 36 80 25 64 79 8 21 45 29 44 37 48 63 62 32 0 24 49 71 97 17 86 5 99 75 51 95 50 90 92 84 96 85 14 82 18 9 26 10 15 87 35 67 65 43 19 22 74 60 76 72 59 56 93 42 1 53 4 57 46 3 55 88 81 27 70 66 34 38 83 33 7 16 98 54 28 73 11 6 94 52 40 58 23 30 12 39 77 31 2 41 69 47 89 13 68 78 20 91 
TEST 57 ARG:10 64 59 14 45 13 86 22 26 3 17 49 44 32 85 72 67 29 42 30 12 0 91 52 6 87 94 36 69 11 58 63 47 90 99 15 65 39 46 50 76 56 34 31 62 5 43 7 84 37 81 57 48 2 51 96 19 55 93 27 89 75 77 8 1 82 74 18 28 16 71 25 98 92 41 66 61 35 4 54 21 83 23 33 73 9 53 88 60 20 40 78 95 79 70 68 80 24 97 38 
TEST 58 ARG:84 38 24 91 54 31 44 8 75 76 88 89 53 41 82 9 3 73 28 62 10 27 87 60 66 74 34 50 35 18 69 46 16 33 68 39 29 95 30 56 79 47 90 48 40 2 81 14 52 55 72 20 98 80 77 21 19 6 1 43 15 94 32 25 49 23 78 37 99 36 7 51 70 67 11 4 5 13 12 26 0 22 93 42 71 64 65 59 57 85 63 92 83 58 86 61 45 17 97 96 
TEST 59 ARG:43 24 33 92 49 28 20 10 35 97 75 30 22 19 86 85 36 3 51 45 63 90 62 13 70 31 61 74 66 17 65 26 18 5 98 50 77 41 47 40 76 82 23 42 94 54 81 73 60 6 93 71 14 29 80 89 87 2 44 79 0 12 38 91 37 8 67 34 9 64 96 57 1 15 11 7 25 27 39 78 16 95 4 52 53 46 83 32 84 88 55 69 72 99 58 21 68 48 59 56 
TEST 60 ARG:28 67 69 80 83 99 84 97 79 60 85 39 95 22 87 54 51 40 50 42 19 58 29 13 7 63 65 26 23 91 90 62 20 4 72 44 71 81 75 66 24 94 56 88 68 9 96 3 61 37 89 21 47 38 8 0 78 11 76 30 43 25 74 34 45 32 41 92 17 15 12 1 57 5 52 70 14 73 6 31 59 55 86 46 82 36 10 98 2 49 27 53 77 48 16 18 35 64 33 93 
TEST 61 ARG:29 25 45 66 58 91 69 78 90 73 20 59 98 26 30 10 12 97 17 62 47 81 94 8 40 65 21 35 74 86 37 54 24 56 9 52 27 49 72 61 5 95 44 92 39 60 82 4 3 31 99 42 68 1 76 57 67 34 41 33 87 7 75 50 38 55 22 77 23 79 51 43 16 80 46 36 96 53 71 85 89 64 6 84 88 2 32 63 28 19 11 18 0 48 13 70 93 14 15 83 
TEST 62 ARG:53 5 2 70 75 58 41 26 20 80 83 15 16 85 6 59 87 34 24 27 65 14 39 55 43 47 93 31 3 84 81 35 57 99 54 90 32 96 29 64 40 18 4 78 67 8 30 21 86 62 48 11 97 71 95 42 23 25 46 37 89 76 38 77 73 22 66 50 88 12 94 13 36 52 9 1 63 82 98 51 45 44 49 56 61 17 91 92 10 7 33 69 28 72 19 60 79 0 68 74 
TEST 63 ARG:34 76 71 32 43 92 3 50 49 5 55 9 53 80 12 67 8 73 86 45 15 82 51 66 75 46 37 17 60 74 7 99 57 21 6 16 97 89 62 44 88 78 81 56 98 94 29 91 28 36 52 33 4 22 27 70 54 47 42 84 58 59 95 61 14 20 83 72 69 93 30 13 40 18 79 26 48 19 63 23 31 96 1 77 39 64 68 65 2 25 38 0 90 35 24 87 85 41 11 10 
TEST 64 ARG:85 45 66 26 40 98 92 64 57 74 73 61 16 39 46 43 21 75 62 84 76 51 83 18 34 89 70 94 24 31 80 5 15 12 20 11 47 4 68 25 56 14 42 19 82 28 22 99 95 7 78 50 8 29 37 65 10 17 86 9 3 72 69 1 90 36 59 67 2 38 54 71 91 33 87 27 93 79 52 0 60 30 41 32 53 13 49 81 48 88 23 58 77 55 44 97 96 63 6 35 
TEST 65 ARG:6 80 25 41 38 76 0 5 64 12 97 59 9 31 14 28 21 10 2 89 82 65 98 58 37 4 23 17 40 92 71 42 54 66 61 72 77 51 93 91 96 24 44 88 47 33 57 45 43 86 70 53 20 50 16 39 8 73 13 83 81 84 78 74 22 55 87 27 49 3 52 7 79 46 62 36 19 63 26 29 11 95 30 1 67 18 68 99 90 69 15 48 85 32 35 94 60 56 75 34 
TEST 66 ARG:73 6 47 94 1 55 63 7 33 11 48 95 99 26 22 54 43 90 38 74 80 92 15 83 89 86 96 56 9 58 3 71 66 98 17 27 61 5 51 82 37 44 34 45 91 65 70 50 23 20 30 8 12 25 35 31 79 4 97 57 0 75 36 21 69 24 72 29 68 81 53 42 84 49 87 62 2 88 16 77 60 59 40 41 19 76 13 64 93 18 32 28 46 52 14 10 78 85 67 39 
TEST 67 ARG:96 93 55 69 9 32 11 89 60 49 73 78 74 67 28 22 23 30 97 57 3 19 85 95 1 20 35 66 68 25 2 70 86 83 48 71 27 98 37 80 44 4 76 8 87 61 63 77 21 88 94 75 53 39 7 81 51 16 54 59 65 50 82 42 36 41 43 18 29 90 62 72 92 31 58 64 33 34 6 45 79 26 47 5 17 40 91 38 10 0 15 46 12 56 52 13 99 24 14 84 
TEST 68 ARG:26 89 51 91 47 11 44 12 8 82 49 42 63 59 64 0 7 16 20 93 97 4 50 73 60 5 67 27 14 13 32 94 34 31 41 10 38 90 23 96 84 45 56 61 35 71 79 46 43 70 58 18 99 1 77 25 6 68 36 29 87 9 72 21 69 86 3 48 80 66 92 81 2 40 54 33 74 15 83 98 19 85 62 76 95 53 75 55 30 17 78 52 88 24 65 28 39 37 22 57 
TEST 69 ARG:38 86 59 98 26 47 58 30 37 42 41 27 2 80 83 63 25 73 35 84 39 72 14 21 20 94 81 44 12 24 53 87 48 97 96 11 70 60 7 74 90 31 40 1 29 32 88 6 49 78 16 55 33 71 77 91 68 82 66 23 99 93 79 3 17 95 36 4 8 34 19 28 65 54 15 85 10 69 75 67 9 57 45 22 64 5 76 46 18 89 61 51 50 13 43 0 52 62 92 56 
TEST 70 ARG:55 28 61 98 27 42 46 31 9 18 54 47 24 23 74 13 30 52 12 94 43 89 39 26 50 63 22 62 68 35 59 20 81 1 80 99 15 69 73 49 44 87 4 72 77 21 38 90 64 70 96 85 8 3 88 53 45 93 34 84 29 5 58 57 86 33 36 11 83 10 75 14 97 56 95 7 40 6 65 19 67 76 48 71 66 92 0 51 37 60 41 25 17 91 16 2 78 79 82 32 
TEST 71 ARG:25 10 44 39 97 38 9 96 54 23 2 34 79 24 43 69 68 67 22 36 92 78 99 8 32 28 26 71 56 80 46 20 87 11 45 6 77 61 7 19 47 83 31 18 49 14 53 81 85 1 95 64 74 50 60 76 29 21 89 59 93 62 17 63 5 98 51 94 86 91 66 88 58 40 37 90 84 15 55 16 82 12 57 65 73 27 0 48 70 52 13 72 41 42 75 3 33 35 4 30 
TEST 72 ARG:49 58 73 54 95 34 37 92 16 48 29 35 76 46 28 57 87 7 43 62 5 85 81 98 26 1 82 6 36 72 69 19 12 24 40 53 21 18 83 8 23 0 78 61 10 52 66 59 68 44 96 56 22 31 32 93 97 30 79 60 86 27 99 4 13 89 47 84 33 64 51 67 80 70 38 41 91 75 39 25 90 88 71 42 14 15 55 77 17 45 11 2 50 63 9 65 94 74 3 20 
TEST 73 ARG:10 31 76 9 33 4 60 89 38 66 84 47 65 7 35 2 97 14 8 50 37 96 53 44 57 71 26 46 25 99 87 34 18 79 40 63 88 5 80 17 20 19 91 73 32 90 61 42 54 77 3 95 72 29 22 15 52 1 41 69 78 45 74 27 39 82 70 30 6 75 43 23 81 36 0 85 83 59 11 58 94 56 24 86 51 49 98 64 68 62 13 92 28 55 67 16 48 93 12 21 
TEST 74 ARG:78 8 43 45 6 94 75 34 82 0 46 11 52 25 14 67 81 68 72 2 51 48 71 40 29 41 12 74 65 17 21 80 90 38 76 4 22 91 79 88 36 77 70 97 99 47 49 89 10 57 66 87 73 7 84 63 15 85 95 54 61 23 86 69 35 19 60 27 20 42 93 37 9 96 24 58 5 56 28 44 55 62 33 98 53 26 64 18 59 39 92 1 3 32 83 30 16 31 13 50 
TEST 75 ARG:93 96 12 58 99 4 63 3 19 29 13 7 44 67 52 90 61 60 10 81 71 76 69 85 31 16 6 18 17 80 38 37 22 1 74 84 79 23 36 32 2 53 15 25 35 55 73 8 9 41 50 95 40 82 34 49 57 59 68 14 45 26 39 27 48 78 91 88 98 56 92 21 70 5 64 46 28 47 30 83 75 66 51 43 86 89 11 0 20 72 77 87 54 33 94 65 62 42 97 24 
TEST 76 ARG:94 3 42 12 30 52 20 9 43 33 4 79 54 38 13 71 82 95 97 60 69 62 14 2 45 50 39 23 55 27 29 73 96 24 72 44 85 8 37 75 28 64 36 49 11 68 74 18 86 81 40 80 88 77 76 35 15 93 21 58 47 53 17 7 34 63 98 91 16 41 51 32 1 70 83 26 67 46 90 19 25 99 56 57 78 5 6 84 65 59 89 48 61 0 10 31 22 66 87 92 
TEST 77 ARG:49 69 8 83 32 63 1 92 26 22 20 74 72 5 67 18 42 84 61 24 59 98 30 90 35 19 77 38 97 27 7 91 28 93 40 29 86 73 6 68 33 2 81 79 10 82 0 66 14 43 45 57 76 31 15 85 80 9 37 50 51 53 87 55 13 16 52 71 94 3 17 54 39 46 88 75 60 21 96 47 12 11 64 62 48 56 58 34 99 36 44 70 41 65 89 25 23 4 78 95 
TEST 78 ARG:95 68 21 33 19 14 20 97 41 58 12 32 65 77 96 22 62 80 83 25 24 60 15 71 53 50 38 23 78 84 44 1 46 27 89 81 40 87 51 49 3 9 18 29 59 55 7 10 66 63 6 17 56 37 0 5 35 98 86 64 79 90 47 43 42 52 48 45 94 54 13 99 57 76 70 88 11 75 36 31 73 16 67 69 26 34 85 2 61 82 30 8 74 4 39 93 91 28 92 72 
TEST 79 ARG:8 77 87 74 56 42 85 48 40 20 64 89 22 78 91 1 70 76 19 62 7 34 80 38 14 32 81 9 3 66 69 30 49 73 24 83 45 57 82 2 29 94 60 44 35 43 55 63 37 47 13 72 0 28 51 41 26 12 88 53 58 71 61 16 27 97 25 59 65 46 23 17 98 36 18 95 99 86 4 21 39 96 50 92 31 15 93 52 5 6 84 75 54 67 79 68 10 33 90 11 
TEST 80 ARG:75 55 32 60 54 25 47 9 71 15 93 58 73 28 2 35 50 96 81 18 67 52 62 49 95 83 30 77 41 11 7 94 39 76 74 24 13 56 42 68 92 86 43 44 98 12 79 5 36 26 64 82 8 85 34 21 1 97 84 27 17 99 31 14 45 22 16 69 0 20 57 38 72 90 88 63 4 89 46 48 37 6 61 65 91 53 10 51 3 29 70 40 33 19 78 87 59 23 66 80 
TEST 81 ARG:19 60 12 23 11 35 48 2 4 64 50 69 44 42 32 26 8 6 81 97 59 70 37 47 24 29 57 39 78 71 91 72 15 45 65 85 43 40 5 10 84 80 33 30 3 41 17 73 96 36 21 51 22 34 63 82 95 18 52 13 54 0 86 20 79 99 88 89 1 31 75 94 92 55 16 66 53 46 27 28 14 76 68 61 49 98 83 56 74 93 90 87 58 7 25 67 9 62 77 38 
TEST 82 ARG:21 1 60 46 61 78 97 8 87 75 84 92 77 27 42 79 74 95 12 14 96 3 94 88 51 49 44 58 99 20 41 37 39 45 7 70 93 91 34 98 0 5 52 10 65 86 54 72 2 36 89 80 17 53 32 55 66 81 48 67 82 56 90 29 9 23 6 69 24 28 76 59 18 57 38 19 68 33 30 13 64 85 50 25 31 43 47 11 22 4 16 26 73 40 71 63 35 62 15 83 
TEST 83 ARG:34 81 39 48 73 23 44 40 64 46 45 30 86 94 61 2 1 88 95 12 96 31 10 11 22 18 56 13 9 68 24 87 76 20 19 74 62 55 98 49 84 78 29 80 60 66 7 91 41 51 71 53 70 79 72 89 37 82 17 65 99 0 90 42 59 75 97 77 93 15 47 69 52 21 85 57 83 5 25 27 32 67 38 3 4 35 16 63 92 28 54 43 33 14 36 6 50 26 58 8 
TEST 84 ARG:76 26 64 90 47 51 33 55 89 4 58 49 12 86 50 87 19 2 40 71 15 0 65 93 69 31 84 75 11 60 79 37 78 46 9 18 38 95 77 74 34 92 10 97 62 54 82 53 98 39 41 80 29 1 3 73 20 70 44 45 16 88 99 14 21 28 32 42 61 83 17 72 57 8 66 56 35 36 24 52 43 94 81 7 59 68 48 30 67 91 96 25 22 13 23 27 85 6 63 5 
TEST 85 ARG:52 19 21 16 23 45 46 59 30 47 53 2 81 32 69 0 61 24 57 31 41 18 1 82 49 26 70 14 72 5 3 84 11 56 51 78 20 7 33 90 73 64 38 13 27 36 85 66 91 62 68 98 37 4 95 8 9 93 71 60 63 79 6 34 94 29 67 25 15 83 28 17 74 76 43 50 10 58 39 22 88 86 12 80 99 44 77 40 55 54 75 35 92 42 89 65 97 96 87 48 
TEST 86 ARG:45 8 16 40 21 55 80 34 66 92 25 32 14 53 17 2 88 12 90 56 87 84 48 62 9 42 91 58 68 73 4 44 7 60 43 76 70 65 15 74 98 82 29 27 61 96 0 35 26 77 67 31 3 83 93 36 79 5 24 22 50 37 1 57 51 6 94 75 54 69 23 85 38 52 86 19 49 95 30 71 41 18 13 46 33 63 64 81 10 89 11 97 99 59 72 28 20 78 39 47 
TEST 87 ARG:90 64 4 96 20 85 98 8 62 10 21 19 12 79 31 93 36 59 0 67 13 42 35 99 57 95 38 76 6 25 60 72 81 73 91 77 24 9 66 27 18 34 94 47 23 89 80 88 49 75 58 53 78 15 97 55 82 68 86 37 14 30 26 74 5 65 7 1 41 50 83 54 17 45 40 16 44 69 3 87 11 84 28 33 51 52 70 63 61 46 92 39 43 32 22 71 2 56 48 29 
TEST 88 ARG:11 83 69 98 89 6 53 46 68 24 57 60 66 80 2 3 18 31 71 94 0 5 41 30 50 84 7 61 70 56 76 62 87 32 17 67 38 26 37 54 48 63 22 95 23 78 82 42 86 97 4 1 81 39 15 93 73 16 65 45 35 36 19 58 92 34 99 28 25 12 20 79 40 14 75 51 29 72 91 59 74 85 55 13 96 64 43 33 9 8 52 77 44 49 10 27 88 21 90 47 
TEST 89 ARG:62 9 75 60 37 21 7 49 98 50 80 27 89 95 82 26 5 20 44 45 4 59 51 84 36 96 1 17 24 38 56 40 29 94 10 52 67 97 70 79 81 39 19 73 23 71 43 58 54 72 34 61 28 35 15 77 16 46 53 68 18 64 92 3 90 66 42 41 8 87 30 74 63 88 13 93 47 6 65 33 11 69 22 91 83 85 14 99 76 25 78 48 57 2 55 12 0 31 32 86 
TEST 90 ARG:45 93 99 9 18 21 71 31 94 90 17 25 49 39 7 33 2 97 95 68 23 67 14 69 54 80 75 62 91 8 88 61 66 86 37 48 1 65 40 89 44 13 6 98 58 83 63 5 30 36 59 12 0 16 15 4 10 47 27 77 87 42 51 85 35 76 52 81 50 55 92 70 22 78 38 79 53 57 32 60 96 64 84 56 34 3 19 41 82 74 26 28 72 24 20 29 11 46 43 73 
TEST 91 ARG:94 8 27 16 63 18 97 6 50 39 95 0 40 15 57 11 7 41 73 35 30 70 51 22 93 20 66 23 56 64 53 91 17 77 1 87 9 47 43 32 26 90 86 89 75 92 10 99 79 69 85 76 62 58 59 61 71 82 28 38 3 24 25 33 37 74 44 48 45 12 72 65 96 88 67 55 98 81 34 80 42 19 36 68 54 46 2 83 49 14 5 29 52 21 84 78 31 13 60 4 
TEST 92 ARG:73 16 8 11 31 27 96 54 71 12 72 87 20 24 66 22 65 94 90 76 91 7 51 61 23 3 39 64 9 33 21 29 75 56 4 38 5 26 46 45 35 34 60 89 62 57 92 59 30 2 97 77 69 84 52 83 43 63 81 28 25 6 44 85 99 49 88 78 82 17 41 36 32 93 19 95 15 48 13 42 10 80 0 67 14 53 74 50 47 98 55 79 86 18 70 37 58 40 68 1 
TEST 93 ARG:1 75 95 80 44 37 78 21 46 93 8 12 24 4 86 14 77 28 67 68 27 84 79 38 39 30 82 10 59 3 72 29 51 25 89 23 94 9 62 53 74 88 16 33 2 49 61 91 41 32 83 58 20 42 87 18 40 76 63 71 65 17 0 99 52 31 19 22 60 34 66 69 70 36 45 47 98 96 54 15 7 13 73 50 5 35 64 97 57 90 92 6 81 43 26 48 85 55 11 56 
TEST 94 ARG:89 30 43 72 20 40 25 85 24 26 27 35 98 54 59 60 83 4 65 53 94 56 0 41 81 86 42 10 1 50 34 67 49 19 79 63 77 73 58 80 51 8 82 33 47 87 62 92 84 13 32 16 90 75 76 7 55 97 11 74 46 22 71 28 44 9 15 66 14 39 18 17 69 36 29 45 23 95 3 78 99 57 68 48 38 52 64 6 91 5 31 70 21 61 2 12 93 37 96 88 
TEST 95 ARG:19 80 69 60 22 9 67 49 7 56 3 55 53 18 27 38 98 84 32 83 90 78 47 8 65 97 73 0 16 52 41 81 12 75 45 89 50 48 77 17 43 1 28 92 63 94 24 15 20 62 87 61 13 72 10 54 68 95 4 66 5 29 70 23 88 79 25 99 21 46 74 86 85 40 11 96 42 76 57 59 31 26 34 14 82 30 93 33 39 36 71 37 44 2 35 6 64 58 51 91 
TEST 96 ARG:72 67 23 87 37 50 96 90 26 76 18 92 30 57 97 58 17 24 52 62 15 27 35 71 79 74 94 45 75 65 84 89 1 28 53 73 83 41 4 98 14 31 38 59 32 44 93 80 78 82 56 63 42 70 68 34 11 51 29 55 60 99 49 61 0 12 10 66 69 3 36 9 86 16 54 46 81 77 91 20 43 13 6 47 95 33 7 48 21 85 2 19 40 64 5 88 25 39 22 8 
TEST 97 ARG:74 37 46 10 56 67 89 20 52 64 35 78 34 39 99 69 81 45 57 23 60 33 40 24 75 68 96 70 32 62 82 2 12 16 43 42 6 94 1 11 93 84 90 66 54 61 38 0 26 63 95 17 98 51 72 91 71 18 55 44 80 76 87 27 36 29 83 41 88 50 19 92 85 65 77 21 5 49 13 15 28 4 48 58 79 59 97 7 31 3 25 47 22 8 9 73 30 86 53 14 
TEST 98 ARG:40 60 2 46 53 55 43 30 87 39 23 93 22 75 34 24 89 32 20 56 82 9 96 5 70 62 3 10 13 91 83 90 47 49 97 61 65 38 80 58 99 7 4 66 21 42 74 86 67 95 85 77 25 51 19 63 15 59 28 12 92 33 94 45 84 36 31 26 11 72 57 18 71 35 50 44 69 14 8 0 76 29 17 27 1 73 68 79 6 98 41 54 52 16 48 78 64 37 88 81 
TEST 99 ARG:64 17 18 15 45 4 85 48 95 38 62 37 51 50 5 82 93 59 23 99 39 36 35 89 43 96 80 41 31 13 57 2 12 97 94 46 63 87 34 53 7 11 77 79 69 72 66 1 19 30 55 21 33 65 74 70 22 8 0 88 3 44 29 68 27 25 98 16 67 40 60 76 61 24 42 28 26 10 52 56 47 83 75 32 71 20 84 58 54 14 91 92 6 73 90 9 78 81 49 86 
TEST 100 ARG:28 84 9 98 36 37 68 91 20 31 67 45 43 70 33 93 1 85 19 0 59 81 12 32 8 75 3 95 34 94 69 55 13 82 96 10 7 61 52 6 76 46 41 26 62 27 97 23 66 71 11 99 21 79 17 88 60 38 73 5 40 30 74 42 44 14 89 64 35 92 25 65 57 80 83 16 49 54 51 77 90 22 53 50 18 86 4 78 72 29 15 47 87 56 24 63 48 2 39 58 
TEST 101 ARG:92 76 5 96 82 68 93 80 64 13 43 41 94 7 37 89 19 36 17 66 87 18 63 45 58 62 32 75 23 50 53 47 54 72 9 20 49 40 38 83 21 77 35 95 51 39 28 8 97 33 60 0 25 15 46 79 88 2 74 59 26 84 99 61 42 27 48 34 31 16 44 73 24 3 22 85 52 65 11 55 1 91 67 12 86 30 10 14 56 6 70 90 71 81 78 69 29 98 57 4 
TEST 102 ARG:83 75 67 15 42 4 68 6 52 31 87 91 93 34 86 64 65 60 43 63 32 81 41 19 51 79 22 45 80 13 14 50 44 27 49 25 3 37 30 21 12 48 90 69 84 71 23 8 5 76 72 40 88 39 99 61 97 92 94 78 9 16 1 7 26 53 55 74 57 36 24 10 56 70 54 11 66 46 85 73 82 18 2 35 59 98 38 95 17 89 29 62 58 77 96 47 28 0 33 20 
TEST 103 ARG:97 45 21 23 25 86 19 47 43 90 36 96 8 49 72 17 3 79 4 93 22 92 66 42 84 50 27 15 30 1 95 73 14 80 0 60 28 64 56 78 87 74 9 12 51 82 71 7 35 58 81 75 77 63 39 40 5 11 29 18 24 55 44 31 20 62 16 41 33 59 2 91 38 85 61 26 76 32 89 68 98 70 69 13 37 99 53 46 6 88 34 83 94 67 10 54 57 65 52 48 
TEST 104 ARG:17 74 93 7 94 78 54 43 39 79 58 0 52 44 66 57 70 38 64 35 51 20 8 91 10 63 36 83 68 46 40 9 5 65 14 23 37 27 49 60 61 13 1 89 28 87 24 84 11 50 90 30 92 56 72 82 42 69 86 33 67 29 41 85 45 73 34 97 99 25 15 71 22 6 47 16 12 77 95 48 32 2 31 53 55 75 81 88 76 18 59 98 4 80 62 26 96 3 19 21 
TEST 105 ARG:76 24 53 29 94 63 59 82 30 14 44 73 21 23 56 0 80 54 7 95 67 47 86 17 71 96 12 85 49 74 8 58 27 25 60 66 34 99 42 1 89 62 64 2 83 31 4 20 46 93 38 97 65 41 43 6 90 22 55 16 11 51 50 70 10 45 32 33 84 77 18 88 75 9 48 13 3 68 72 36 40 78 26 35 19 91 28 61 81 69 79 87 37 5 39 92 15 52 57 98 
TEST 106 ARG:89 21 93 57 23 10 32 25 8 17 64 81 78 97 91 80 40 51 59 11 60 69 88 76 0 46 70 7 75 77 28 6 95 72 55 92 74 82 9 36 30 12 49 18 34 2 67 65 37 38 22 83 99 86 13 15 54 33 79 39 96 29 66 41 44 73 94 45 53 62 19 85 31 24 4 48 43 71 50 1 47 84 26 42 61 56 87 52 16 5 35 3 63 27 68 58 90 20 98 14 
TEST 107 ARG:14 9 76 42 24 83 81 12 33 86 69 49 19 60 79 41 15 54 20 84 50 68 17 31 40 23 28 7 66 48 90 64 5 75 98 21 77 97 72 89 51 63 4 57 58 27 94 8 1 43 45 46 0 38 62 52 39 73 87 35 71 59 61 91 95 37 70 55 93 82 80 2 67 88 34 47 25 13 22 18 26 10 16 74 92 78 56 36 85 11 99 3 32 6 44 96 53 29 65 30 
TEST 108 ARG:2 0 70 1 48 15 72 3 21 90 5 44 13 59 79 46 22 42 75 56 85 39 16 82 23 63 9 19 94 11 26 43 37 78 38 33 40 18 81 74 97 20 7 89 49 93 67 8 88 6 28 80 69 30 84 86 62 51 45 52 73 12 29 76 64 10 66 54 98 53 96 77 68 34 32 58 14 41 65 35 87 50 83 25 24 17 95 99 47 92 27 57 55 4 71 31 60 61 91 36 
TEST 109 ARG:10 89 33 53 65 32 91 55 82 23 51 36 57 78 73 9 39 42 98 87 44 60 68 62 76 11 50 77 8 7 61 27 99 43 85 74 80 70 83 97 19 46 95 49 26 64 72 45 41 16 88 79 18 6 40 17 47 15 75 56 71 21 20 4 31 93 58 1 69 2 22 30 90 37 67 3 59 13 5 96 29 25 54 86 48 24 81 14 52 12 84 35 0 63 94 28 66 38 34 92 
TEST 110 ARG:2 41 68 35 96 62 21 54 37 95 86 3 59 99 84 78 79 19 69 80 4 48 53 88 73 50 81 82 34 15 33 55 11 28 45 75 32 31 7 64 25 60 1 44 58 77 30 16 27 70 47 43 12 93 98 17 56 29 63 22 65 14 46 8 52 66 23 39 5 20 57 13 51 94 42 67 91 74 49 87 97 10 40 71 0 89 36 85 18 26 92 76 38 6 83 90 61 9 72 24 
TEST 111 ARG:81 15 4 80 30 39 48 56 14 29 57 16 18 46 99 50 77 54 67 12 52 66 89 73 11 17 5 24 21 10 20 75 13 37 96 45 34 27 68 65 31 74 72 61 62 19 69 76 3 97 79 64 47 36 94 70 83 55 40 26 25 7 84 49 71 44 98 63 60 53 9 88 91 41 2 93 38 22 58 32 42 86 78 35 90 43 51 59 23 85 28 87 1 33 82 0 6 8 92 95 
TEST 112 ARG:60 37 6 58 55 57 95 59 16 47 87 17 0 83 9 74 96 21 80 48 30 43 79 15 81 82 34 10 98 20 26 36 12 67 73 19 56 75 22 13 84 65 7 45 53 61 42 77 92 91 54 69 33 39 28 8 94 31 70 1 72 25 18 68 4 24 71 44 46 51 97 93 50 78 49 66 32 88 52 41 62 5 99 29 14 64 89 63 11 27 23 85 76 90 3 38 86 35 2 40 
TEST 113 ARG:18 94 35 85 73 97 17 58 33 61 1 16 6 26 10 78 93 86 91 9 69 95 64 43 28 68 70 76 96 32 67 27 89 23 66 53 88 5 15 84 77 98 49 62 72 59 56 44 71 4 87 79 81 2 74 8 75 65 22 34 42 19 46 30 0 48 25 36 99 60 92 38 52 14 82 31 51 40 24 54 90 47 50 39 13 3 12 57 63 45 80 11 20 41 7 55 29 83 21 37 
TEST 114 ARG:1 21 93 50 39 12 69 87 79 96 57 78 38 71 20 55 32 7 52 17 45 30 3 44 83 27 6 99 47 61 75 46 4 74 25 2 26 23 54 29 24 72 31 92 84 73 88 97 70 85 53 68 56 36 40 49 42 64 89 10 63 16 13 77 8 0 43 5 41 67 58 81 82 90 33 15 51 19 62 60 28 9 80 86 95 94 34 14 37 11 59 22 65 76 98 48 91 18 35 66 
TEST 115 ARG:23 93 44 21 71 60 64 81 13 56 14 42 62 66 28 83 8 36 45 4 39 50 70 90 86 87 29 0 96 57 22 78 3 37 63 59 79 9 51 98 92 49 46 30 65 34 84 85 40 25 47 19 75 33 38 74 35 32 53 76 27 77 10 94 16 20 89 91 54 52 55 5 82 31 11 41 7 68 48 17 6 72 88 2 24 18 61 99 12 97 26 80 58 43 73 1 67 69 15 95 
TEST 116 ARG:53 37 52 31 80 1 63 41 43 61 76 62 23 81 48 9 71 2 54 77 25 5 57 67 40 14 82 29 42 75 78 24 11 21 16 18 70 47 6 95 45 83 32 27 94 90 38 50 85 74 97 7 33 10 20 0 79 92 68 87 56 58 88 73 46 89 98 36 3 66 84 86 55 19 39 60 8 59 96 72 30 51 93 69 49 34 65 99 15 28 64 22 17 4 91 26 13 44 35 12 
TEST 117 ARG:79 44 63 9 46 76 58 31 7 75 32 27 3 33 93 54 94 98 85 29 41 89 67 51 48 45 23 38 21 24 71 26 73 61 35 57 0 97 43 50 80 49 91 99 10 13 77 96 8 34 72 18 20 17 88 78 12 40 36 95 19 47 81 74 64 83 11 92 82 22 25 30 16 62 1 90 66 37 4 2 65 15 5 42 53 84 87 28 68 39 14 56 59 55 52 70 60 69 86 6 
TEST 118 ARG:67 60 64 81 3 53 50 92 44 37 8 96 26 23 11 91 10 90 89 19 52 45 35 98 76 56 0 85 48 74 18 77 97 28 54 27 95 17 14 79 80 93 7 94 16 21 69 51 70 63 5 6 22 75 9 15 49 82 12 33 84 72 32 20 99 31 43 29 87 24 13 73 2 38 46 78 66 34 58 68 47 41 55 1 42 36 30 39 57 40 4 62 59 65 83 71 25 61 86 88 
TEST 119 ARG:98 13 44 11 80 76 94 78 60 24 93 7 15 0 10 1 67 2 50 37 8 64 84 86 12 3 5 66 89 6 41 28 22 90 4 33 14 96 16 39 40 68 47 51 30 48 43 69 62 21 73 97 88 63 95 18 65 70 54 71 81 52 72 36 53 75 32 38 61 79 74 85 82 23 99 34 59 92 27 19 9 55 31 20 83 29 56 57 45 46 87 49 17 77 58 25 35 91 26 42 
TEST 120 ARG:48 17 0 75 60 40 82 4 72 74 31 11 2 42 59 9 30 21 76 92 90 97 79 19 20 91 45 13 86 87 70 12 85 33 32 65 94 5 80 8 61 68 38 77 6 93 25 23 29 47 43 67 83 69 78 41 88 15 98 10 57 14 35 46 1 84 63 28 3 89 39 73 26 99 44 58 49 96 52 55 66 16 64 62 24 56 51 54 27 37 95 7 81 36 71 22 53 34 18 50 
TEST 121 ARG:31 64 19 61 67 23 57 73 99 88 34 83 70 24 29 51 48 9 18 87 41 15 37 4 69 80 56 97 85 95 52 66 94 75 40 55 22 82 38 98 8 30 7 6 68 74 33 72 81 46 90 84 32 76 93 47 35 12 5 78 92 39 17 20 1 14 13 45 63 96 43 58 59 49 71 27 53 36 91 44 65 16 86 42 25 62 11 60 0 54 10 79 3 21 89 77 50 28 2 26 
TEST 122 ARG:56 70 83 73 75 19 58 61 44 95 32 12 1 40 22 69 57 82 67 55 20 6 62 91 45 68 16 77 26 18 27 10 9 74 11 38 50 99 72 81 28 54 64 31 17 80 29 13 86 43 89 8 52 30 33 46 49 42 84 48 76 2 34 7 60 97 37 96 65 63 36 35 94 66 90 71 88 53 87 3 0 4 92 5 51 23 21 24 15 39 98 59 93 79 25 14 41 85 47 78 
TEST 123 ARG:48 1 57 13 10 82 77 54 4 99 98 28 51 86 38 26 92 31 73 69 17 42 20 3 67 2 80 30 81 90 12 52 62 58 83 15 65 64 23 24 22 76 45 96 47 19 5 56 35 11 43 37 33 91 59 95 55 89 88 41 25 16 29 9 71 50 75 32 7 93 74 8 87 0 44 84 6 46 21 14 94 79 72 49 63 68 18 61 85 70 53 60 66 78 27 34 40 36 97 39 
TEST 124 ARG:80 79 61 38 73 32 8 42 4 81 99 25 90 11 70 65 78 45 98 16 18 26 48 85 96 5 57 6 49 37 88 97 7 89 36 63 71 95 47 83 52 22 53 60 31 24 20 92 40 12 76 62 51 75 0 84 46 55 17 66 34 39 82 21 33 35 14 44 3 67 72 54 30 69 91 27 2 93 15 28 59 43 77 41 9 29 86 74 58 1 23 94 19 56 68 64 87 10 50 13 
TEST 125 ARG:18 72 97 27 17 76 56 22 35 8 88 7 84 11 28 39 14 94 53 74 41 29 10 19 95 87 37 34 15 96 86 81 16 61 49 30 91 45 21 48 90 71 51 68 1 82 85 89 92 20 93 78 24 43 2 58 83 65 13 6 80 40 33 38 69 70 75 77 5 98 73 64 3 4 66 25 23 44 62 55 67 47 26 9 63 59 52 60 79 54 99 36 12 50 0 46 32 31 57 42 
TEST 126 ARG:27 13 26 36 91 34 67 99 89 17 49 78 30 23 81 79 1 70 72 84 65 19 85 98 3 63 68 51 82 38 97 32 41 35 53 66 48 88 86 60 18 87 69 29 52 8 40 43 62 11 14 20 24 96 0 37 59 94 71 55 15 44 39 42 16 22 33 80 6 93 64 25 57 10 95 83 76 61 28 54 77 74 90 7 75 92 4 45 58 56 31 21 47 50 46 9 5 12 73 2 
TEST 127 ARG:5 39 27 51 42 78 61 6 50 21 60 9 69 25 76 23 24 28 95 13 80 12 20 53 26 32 67 19 38 92 62 54 35 99 88 36 74 47 73 43 44 52 81 16 82 37 72 10 14 0 58 97 4 79 7 98 66 41 83 77 87 17 86 49 33 45 68 8 65 1 64 18 29 55 71 46 85 93 3 59 31 90 34 15 84 2 94 57 75 96 56 91 70 30 48 63 22 40 89 11 
TEST 128 ARG:75 45 14 23 47 77 16 27 85 98 67 11 36 89 60 42 84 33 70 28 91 88 46 21 39 38 61 94 12 31 17 7 8 4 57 66 44 34 18 83 26 93 19 78 20 87 72 56 65 58 35 99 24 76 73 96 71 97 13 3 59 2 51 55 63 5 69 40 62 6 79 1 32 29 54 9 52 10 41 48 64 82 74 90 53 80 37 25 81 68 95 92 0 86 43 49 30 15 22 50 
TEST 129 ARG:12 58 51 76 84 8 49 46 80 34 67 27 79 38 69 5 64 22 36 10 94 20 63 41 66 77 65 70 56 29 25 1 89 15 26 85 31 90 14 50 3 78 43 9 81 82 13 92 30 61 37 32 48 98 95 42 33 97 54 72 57 11 59 60 68 86 87 96 91 21 71 93 4 0 16 39 17 23 55 45 99 73 52 28 19 24 35 62 53 2 7 75 88 44 6 74 83 18 40 47 
TEST 130 ARG:60 47 16 73 46 27 71 29 97 98 88 19 32 99 92 70 14 23 93 18 11 24 40 96 65 59 34 51 87 84 50 63 37 90 54 64 94 10 58 20 91 15 36 72 76 69 31 26 86 62 89 74 30 42 56 8 4 53 78 9 48 68 28 43 61 5 3 75 45 17 85 52 6 83 25 22 7 79 67 66 13 35 12 2 95 0 38 49 57 82 77 55 1 80 21 41 33 39 44 81 
TEST 131 ARG:46 47 96 64 14 1 23 43 54 44 56 21 40 86 81 24 82 89 49 80 53 62 74 12 37 35 30 33 84 83 98 19 22 57 88 0 63 7 75 78 51 4 34 97 26 60 66 65 61 50 71 67 85 79 25 29 5 36 18 11 10 45 3 55 52 2 27 28 38 39 41 31 72 87 9 76 69 94 59 13 70 73 15 93 90 48 77 16 32 92 95 20 58 68 17 99 91 42 6 8 
TEST 132 ARG:9 38 86 54 18 3 67 94 11 22 41 96 47 50 56 90 4 99 1 53 82 74 42 39 92 83 91 8 28 37 95 64 62 10 81 57 98 71 76 40 43 61 84 78 14 70 16 65 26 34 31 2 51 33 13 30 52 21 79 20 19 35 60 46 12 63 73 80 89 77 6 15 17 66 97 44 5 27 32 29 87 75 0 93 58 72 45 24 59 85 23 68 69 55 88 49 25 36 7 48 
TEST 133 ARG:2 45 67 3 41 94 11 50 87 14 49 62 24 27 7 17 46 22 37 96 26 69 35 86 30 13 59 39 12 79 36 95 4 15 71 92 82 1 9 93 48 20 0 53 6 68 29 74 33 16 90 80 89 61 88 55 72 18 63 70 66 10 98 32 76 91 65 28 31 43 85 40 52 81 57 73 99 84 60 21 5 83 64 34 8 77 56 97 38 42 23 54 58 75 51 47 25 19 78 44 
TEST 134 ARG:15 58 99 44 40 4 70 50 43 77 49 65 52 97 95 75 30 32 41 38 14 5 59 84 78 20 21 37 51 25 81 39 7 28 87 93 63 62 89 3 17 12 67 23 33 26 57 16 48 86 1 19 34 10 53 9 46 8 69 13 31 72 29 22 82 96 54 79 83 92 47 42 74 80 18 94 73 35 55 56 68 24 71 91 90 45 88 66 76 11 0 98 6 61 27 64 2 60 36 85 
TEST 135 ARG:5 71 29 44 30 80 75 32 51 86 33 26 53 8 38 61 52 0 40 48 85 73 77 21 41 14 7 66 70 64 25 31 20 13 27 72 84 82 60 43 4 62 99 17 69 87 96 47 58 74 16 18 9 2 89 6 24 56 95 1 67 79 83 15 98 35 39 94 90 37 59 23 76 50 63 12 45 46 97 54 11 68 57 91 28 10 55 92 78 65 36 3 88 93 81 42 19 22 49 34 
TEST 136 ARG:64 29 82 31 16 61 92 45 70 63 55 4 98 78 42 5 25 3 36 17 12 68 23 59 32 83 39 35 41 57 79 56 43 48 50 51 38 24 40 33 90 74 34 22 65 86 72 13 11 88 85 53 0 71 75 69 84 95 10 58 27 21 8 14 18 80 87 89 93 77 46 91 30 1 37 7 54 62 99 2 97 6 60 94 19 67 81 15 52 47 20 66 73 26 9 76 49 44 28 96 
TEST 137 ARG:82 28 55 83 58 21 49 27 65 30 43 24 92 69 36 40 42 47 6 62 90 96 94 7 77 95 29 35 46 12 20 52 16 89 25 0 73 23 50 98 86 26 4 91 54 78 53 39 85 84 34 87 71 17 2 81 61 75 31 76 70 57 59 41 3 38 14 79 68 8 99 45 66 37 48 93 88 9 11 33 44 15 32 60 72 51 13 5 19 97 63 22 64 18 56 74 80 67 10 1 
TEST 138 ARG:19 97 5 53 77 33 24 35 89 46 74 64 36 84 90 9 38 31 82 80 48 69 22 60 27 75 95 40 88 8 11 37 73 15 59 66 29 30 16 12 94 70 83 32 72 56 23 45 42 34 6 68 26 41 1 57 49 54 65 76 71 67 4 78 93 58 85 47 25 21 2 87 81 79 39 92 44 17 96 13 14 18 50 51 0 3 43 99 20 62 86 98 63 91 52 7 28 55 61 10 
TEST 139 ARG:74 16 72 12 87 4 0 57 17 25 54 36 97 7 2 46 96 66 52 79 6 27 65 64 90 8 83 82 94 88 59 32 63 22 40 75 28 73 15 13 98 43 68 50 39 14 48 76 35 67 29 85 80 18 9 61 62 56 77 81 53 1 37 91 92 58 78 31 20 95 21 24 34 49 69 19 55 89 30 3 51 71 45 84 70 26 44 11 5 99 93 60 10 42 23 47 33 41 86 38 
TEST 140 ARG:53 69 45 87 76 24 19 42 79 63 21 72 99 22 57 29 1 14 94 78 58 13 39 40 92 83 25 82 38 50 43 36 6 77 5 98 20 44 30 2 41 90 65 15 33 88 28 93 64 49 71 12 97 37 32 52 10 75 96 70 95 17 34 35 31 11 73 81 74 26 0 7 16 85 67 8 9 62 27 59 18 51 47 3 84 48 56 55 60 46 66 4 23 89 80 54 61 68 86 91 
TEST 141 ARG:35 0 1 47 50 52 60 13 5 72 64 83 53 8 39 92 44 7 63 76 41 40 88 32 62 70 11 58 91 42 77 45 65 96 80 15 29 19 68 99 36 3 57 49 2 74 30 95 10 37 12 85 18 61 22 26 27 66 33 73 69 67 4 94 59 16 93 89 51 54 38 87 75 79 48 71 43 25 97 24 78 31 46 9 34 20 17 86 21 56 84 82 14 23 90 28 6 81 98 55 
TEST 142 ARG:12 52 53 6 22 26 62 32 72 21 13 14 93 9 31 3 83 48 49 86 25 1 0 45 5 15 70 64 71 39 8 85 28 60 44 17 54 65 29 77 38 23 74 68 78 63 98 40 18 10 34 73 89 67 16 57 2 50 55 97 46 81 42 94 19 24 90 47 58 61 80 66 41 88 99 96 79 59 76 95 27 11 43 35 51 37 84 69 4 91 82 20 92 56 87 30 36 75 7 33 
TEST 143 ARG:14 97 8 70 53 75 62 56 17 78 58 61 90 85 36 98 60 2 11 12 35 94 4 3 59 80 51 10 79 81 54 6 77 68 38 37 48 0 18 32 27 44 72 15 86 41 73 45 67 29 24 57 82 20 49 99 7 16 71 65 22 88 95 83 39 9 33 66 46 1 50 30 26 96 43 84 40 92 55 76 19 52 34 47 63 64 21 93 74 13 91 87 28 89 69 42 23 31 25 5 
TEST 144 ARG:89 38 51 57 15 64 95 33 13 14 94 91 61 74 52 99 40 73 75 45 22 92 43 44 53 49 71 11 31 82 5 63 20 70 50 72 84 9 25 6 60 29 17 42 86 97 35 81 39 59 32 98 26 24 7 23 3 58 16 93 54 46 18 66 27 47 88 0 4 30 55 77 2 87 90 34 85 67 96 56 1 36 48 69 37 80 8 19 79 28 68 65 78 10 76 12 21 41 83 62 
TEST 145 ARG:89 21 1 83 99 82 61 38 4 35 90 13 46 10 32 8 77 58 40 0 23 27 47 16 48 7 41 66 56 24 42 87 34 67 95 18 3 25 15 20 33 30 84 51 79 63 80 37 44 60 22 55 68 57 19 9 5 70 88 94 85 92 64 36 31 12 86 26 14 78 6 97 74 43 17 29 49 76 81 50 11 72 91 69 98 45 75 54 39 28 93 62 52 73 59 96 53 2 65 71 
TEST 146 ARG:30 56 45 86 79 12 32 51 9 57 82 88 33 24 66 68 35 94 85 95 53 11 75 55 65 0 16 15 20 8 89 40 80 98 63 18 27 43 13 3 76 1 93 61 77 90 47 60 64 54 70 22 38 96 41 97 87 91 71 31 44 99 4 81 92 39 14 67 59 10 78 34 62 74 36 19 5 73 7 37 6 58 23 2 46 28 17 52 49 84 21 42 48 69 72 26 50 83 29 25 
TEST 147 ARG:55 51 58 18 93 33 56 99 85 31 89 62 6 54 14 86 77 16 39 22 67 50 9 80 8 70 44 1 78 79 21 37 68 42 60 74 69 82 11 10 5 87 7 27 66 25 98 17 28 88 61 46 45 0 83 4 19 53 12 48 34 76 57 90 23 72 40 94 32 41 91 63 52 26 2 59 95 84 35 81 13 71 97 73 24 36 38 49 65 75 30 43 3 15 96 20 64 47 92 29 
TEST 148 ARG:66 21 78 39 95 51 44 4 85 29 24 3 46 60 23 71 63 8 55 72 12 19 99 14 62 68 0 74 5 17 16 69 47 90 91 98 49 25 15 79 50 59 26 58 82 11 73 81 31 92 7 37 9 61 45 33 75 94 27 28 43 77 97 52 56 93 70 89 13 22 86 34 10 18 30 96 38 2 35 84 54 41 48 1 65 83 42 40 6 20 80 64 76 32 36 88 57 53 87 67 
TEST 149 ARG:7 42 6 63 3 85 53 27 41 49 87 23 61 30 25 14 34 48 78 39 84 65 44 31 32 33 13 8 86 50 69 46 12 5 45 16 98 88 37 56 96 73 68 64 70 95 62 55 59 10 54 60 38 66 0 4 2 94 9 74 76 71 91 20 43 1 15 40 52 35 82 57 11 97 18 36 22 28 75 92 51 90 81 26 24 72 80 77 19 17 58 99 83 93 89 79 29 47 21 67 
TEST 150 ARG:72 71 34 88 42 93 78 38 79 67 70 17 51 91 63 43 57 36 96 41 48 18 46 61 82 30 73 14 80 16 24 13 97 60 90 26 25 45 68 47 0 53 6 20 7 81 65 31 75 40 52 3 5 89 9 92 64 85 4 2 74 69 19 58 56 84 99 77 21 39 87 59 32 28 1 23 12 55 54 98 8 27 15 86 76 33 44 83 11 29 50 10 62 35 37 66 22 94 49 95 
TEST 151 ARG:86 22 49 53 93 85 35 88 29 67 11 6 96 25 55 30 80 89 51 43 65 59 28 92 37 32 0 91 54 12 78 38 5 26 81 77 2 71 3 41 34 69 98 68 13 61 46 45 27 8 47 23 82 16 1 58 73 21 4 72 62 33 52 39 64 17 42 95 84 60 94 63 87 20 36 14 10 40 83 70 19 56 57 15 31 50 90 79 99 18 66 44 24 76 74 48 75 97 7 9 
TEST 152 ARG:57 40 4 82 58 11 78 19 9 61 20 48 96 25 99 1 64 45 79 6 67 8 59 43 0 18 54 7 13 35 53 2 80 88 86 42 70 73 98 44 87 77 10 27 12 55 94 21 23 83 68 29 60 38 52 16 62 84 49 56 50 72 91 47 31 3 85 93 17 69 22 63 75 32 74 92 37 95 30 65 89 71 46 5 41 14 90 76 51 15 33 66 28 97 26 34 36 39 24 81 
TEST 153 ARG:82 18 23 19 29 22 6 58 1 74 96 91 25 44 88 24 15 52 28 10 14 32 42 50 75 53 62 47 84 35 11 86 0 16 54 99 79 65 73 26 68 51 69 60 27 92 5 80 38 93 94 7 78 49 45 71 95 89 39 72 70 81 57 33 48 87 46 17 63 59 56 90 76 83 55 66 3 43 85 37 41 30 67 77 9 97 98 61 64 12 34 21 8 40 2 4 20 13 36 31 
TEST 154 ARG:63 92 91 59 34 78 1 4 52 79 69 70 14 85 75 44 87 67 55 32 51 10 18 31 37 93 60 12 33 20 46 45 17 30 36 64 73 39 11 49 76 13 54 3 5 53 42 94 72 25 29 71 35 82 58 38 27 90 41 81 66 22 77 24 61 74 0 2 97 40 96 99 8 56 62 28 57 7 48 86 9 89 95 26 23 68 47 19 21 83 50 15 98 84 6 88 43 65 80 16 
TEST 155 ARG:38 69 87 82 68 13 45 19 12 32 48 42 99 15 14 65 79 88 9 21 52 11 34 71 54 16 59 80 6 78 77 30 36 8 55 4 53 27 33 81 1 70 40 35 61 28 72 23 29 86 93 83 91 3 2 89 0 74 73 96 95 39 98 49 57 44 18 17 25 84 20 51 10 97 64 76 94 26 47 43 63 66 50 37 85 58 56 67 31 41 90 5 46 60 7 24 62 22 92 75 
TEST 156 ARG:17 93 11 71 68 1 67 96 59 25 83 58 29 43 0 54 87 38 47 4 53 98 13 39 34 88 2 16 49 21 36 42 48 63 26 32 84 3 57 77 76 44 30 56 86 97 50 65 61 12 74 66 91 60 99 40 95 28 19 73 75 37 69 64 8 27 46 78 14 90 52 22 85 80 72 82 41 33 81 9 79 7 20 23 94 70 62 31 15 89 35 10 6 24 55 5 51 92 45 18 
TEST 157 ARG:28 77 24 27 50 7 73 33 51 62 84 16 99 64 19 9 45 86 61 44 53 68 47 36 95 78 58 60 82 37 38 10 17 63 56 11 12 85 89 93 43 5 15 48 76 65 34 39 97 42 4 87 92 21 74 67 6 8 69 80 98 70 1 0 57 88 2 96 83 41 49 32 54 14 59 29 26 23 30 46 91 90 55 20 75 31 35 66 25 3 22 71 94 72 52 79 18 13 40 81 
TEST 158 ARG:29 52 89 83 67 96 94 77 22 49 1 84 87 6 64 82 28 45 68 10 75 48 9 20 37 11 85 43 3 88 81 80 46 4 41 59 95 8 38 58 19 50 13 33 24 57 34 7 63 78 60 99 32 61 62 0 31 74 2 39 12 36 14 23 47 76 17 65 86 35 70 55 53 56 71 54 16 79 15 18 5 40 69 44 51 66 92 97 72 25 91 21 26 73 30 98 93 90 27 42 
TEST 159 ARG:54 15 74 71 48 38 77 82 81 59 50 29 12 51 44 33 17 94 84 62 35 89 96 90 69 32 58 91 43 4 41 9 99 57 10 20 25 13 80 23 60 31 56 83 21 36 40 8 18 19 65 5 70 26 28 79 34 6 97 16 1 46 86 2 3 75 63 73 66 39 76 37 98 93 55 64 52 47 67 27 95 87 88 22 68 72 49 45 61 24 85 7 42 14 30 53 78 11 92 0 
TEST 160 ARG:51 61 2 3 54 31 52 27 10 92 82 72 68 60 11 56 86 26 17 9 79 28 63 39 78 16 22 45 29 88 70 97 58 73 12 1 93 85 99 46 43 91 90 71 14 15 23 87 32 41 47 80 83 77 66 36 59 81 94 35 84 55 95 21 30 48 67 0 18 20 74 44 25 19 49 6 40 96 53 50 64 4 8 89 33 98 69 75 37 65 13 24 38 34 42 7 5 76 62 57 
TEST 161 ARG:53 77 38 42 93 17 10 64 44 76 99 13 74 40 85 67 68 58 69 35 95 6 45 61 73 82 52 14 19 78 57 75 48 46 4 16 43 25 50 47 33 9 65 89 32 8 56 92 31 88 20 66 24 60 21 15 28 54 79 71 90 96 62 7 11 91 27 12 97 1 0 30 51 2 55 84 39 70 26 37 18 59 41 87 23 5 81 72 29 22 3 83 49 80 86 94 63 98 34 36 
TEST 162 ARG:18 84 0 21 83 20 58 16 24 71 57 23 92 31 28 61 86 8 90 12 17 62 6 68 87 30 33 2 75 44 1 19 63 9 60 13 52 40 70 36 94 15 88 78 29 41 5 76 69 65 98 7 14 45 96 77 64 4 11 91 53 39 25 89 48 81 37 95 26 85 82 67 38 99 34 50 80 32 59 22 56 79 72 66 47 3 27 97 54 46 42 73 10 55 74 43 93 35 49 51 
TEST 163 ARG:57 20 53 28 16 78 84 85 81 5 97 61 94 59 46 50 89 38 37 56 44 92 71 47 17 18 69 29 48 40 10 19 87 23 30 1 96 77 82 62 99 6 73 9 51 64 15 13 3 45 14 12 70 0 76 79 52 60 86 2 66 72 36 11 90 91 27 63 42 21 65 4 31 88 7 98 34 95 25 43 68 8 22 49 93 39 35 33 55 41 67 32 54 75 74 26 80 24 83 58 
TEST 164 ARG:75 81 44 67 83 25 4 41 22 27 0 98 61 34 66 64 80 39 5 32 84 26 36 21 35 95 79 59 29 24 31 37 74 91 97 43 42 85 93 8 1 45 69 46 52 6 49 58 23 72 53 55 90 99 62 40 18 30 7 71 76 63 89 82 56 50 38 33 92 60 57 28 47 77 68 65 20 16 15 96 78 13 51 3 19 10 94 2 86 87 9 73 54 88 48 12 70 11 17 14 
TEST 165 ARG:26 22 95 68 97 33 28 70 51 17 12 7 64 82 42 93 96 0 13 88 49 85 35 32 30 46 84 38 73 31 71 74 1 80 2 66 78 23 72 37 89 48 69 29 41 40 6 98 77 65 52 99 44 91 27 4 57 45 60 11 20 55 19 16 50 87 14 24 36 10 67 94 92 75 58 3 81 47 39 8 62 18 90 56 54 79 61 53 59 43 83 63 25 9 21 86 76 15 5 34 
TEST 166 ARG:85 2 88 64 23 51 50 94 65 55 82 1 7 28 5 96 46 67 31 86 99 71 35 72 33 84 87 63 66 13 16 32 18 79 95 27 92 8 41 54 90 17 3 15 38 24 9 12 10 56 61 25 78 77 44 45 19 81 11 69 43 62 73 57 21 14 20 98 29 36 47 39 97 49 91 6 26 89 80 60 0 70 40 48 83 58 37 34 30 4 93 68 74 59 52 22 76 42 75 53 
TEST 167 ARG:69 39 30 18 37 3 12 38 21 85 47 35 48 5 44 15 33 2 89 77 94 27 97 75 4 53 87 99 13 6 71 42 86 78 49 20 29 61 76 92 90 82 23 40 14 0 67 54 19 26 24 17 68 11 43 66 8 64 59 56 1 98 60 34 73 95 55 58 91 16 88 45 72 96 9 41 50 65 62 51 80 79 70 25 52 63 28 83 84 74 32 10 7 81 36 93 46 57 22 31 
TEST 168 ARG:0 53 89 94 1 48 57 41 84 44 85 99 16 71 26 51 61 9 37 21 40 97 4 18 92 29 24 66 14 82 25 72 47 93 11 38 34 50 32 43 83 68 88 19 30 8 59 73 77 69 42 78 79 28 31 20 63 74 22 62 67 75 27 86 55 45 36 13 96 70 56 12 7 60 90 15 39 65 54 10 80 23 5 6 2 91 49 95 52 17 87 98 46 58 33 81 76 64 3 35 
TEST 169 ARG:18 57 77 88 55 86 1 2 11 9 79 68 53 95 37 50 61 54 42 96 33 24 49 51 6 70 92 74 36 13 58 59 4 25 67 27 26 56 12 87 0 5 17 94 97 43 72 39 66 10 89 93 62 64 98 85 65 21 99 48 46 8 20 52 84 63 45 32 7 60 16 28 78 90 47 40 76 75 91 15 30 35 19 81 23 41 69 14 80 34 31 3 83 73 29 22 38 82 71 44 
TEST 170 ARG:88 48 58 65 29 69 85 38 59 96 9 46 93 71 15 97 1 40 61 4 87 18 23 3 24 70 99 76 98 16 34 54 81 49 17 74 8 25 63 90 72 57 20 83 77 36 14 43 41 10 75 33 45 21 73 5 94 39 30 92 11 80 91 22 50 28 64 32 52 60 78 35 79 55 12 6 68 66 56 37 89 82 47 44 7 84 95 62 0 67 31 27 19 42 86 51 2 26 13 53 
TEST 171 ARG:49 30 70 44 74 39 78 90 29 62 42 61 14 65 51 13 10 7 6 60 33 95 20 68 50 1 93 22 77 73 28 9 32 53 75 89 45 97 8 59 87 0 91 72 76 55 5 26 43 21 58 37 94 82 64 18 12 66 69 41 27 15 2 67 56 23 47 63 40 98 84 17 83 79 85 38 88 92 46 52 48 54 3 4 80 86 19 11 36 24 25 57 99 31 35 16 96 71 81 34 
TEST 172 ARG:98 58 79 13 31 49 5 30 38 6 51 19 95 93 61 71 85 27 63 68 10 55 75 43 25 50 94 54 77 84 80 59 24 48 29 36 7 72 88 40 41 12 9 42 56 44 86 53 8 57 91 99 47 87 21 46 81 69 60 70 20 82 34 97 62 32 35 15 83 0 39 89 96 92 11 45 74 22 16 4 67 2 18 14 65 26 33 1 28 66 17 3 78 37 76 52 23 73 90 64 
TEST 173 ARG:20 43 15 61 28 5 75 25 98 90 59 27 14 10 51 65 1 39 63 85 92 33 77 38 36 7 66 80 56 84 83 41 93 81 24 64 88 42 71 67 73 49 91 99 8 70 62 86 68 32 46 26 23 87 11 31 78 4 47 44 34 76 52 16 30 50 35 79 57 17 48 18 22 40 89 13 19 3 54 0 53 96 95 29 69 82 45 12 2 74 55 58 9 6 72 60 21 94 97 37 
TEST 174 ARG:23 2 15 24 25 0 92 59 34 62 8 97 42 63 73 79 27 81 66 67 87 37 28 13 86 76 69 45 94 55 75 56 89 82 68 1 90 48 58 20 19 16 70 64 39 36 3 61 32 74 40 80 51 85 49 44 83 10 71 95 21 6 12 18 57 53 78 91 99 72 7 29 47 9 96 38 77 41 22 4 14 17 52 50 31 33 60 26 46 84 65 98 93 11 54 5 88 30 43 35 
TEST 175 ARG:9 81 47 41 38 54 98 92 96 89 7 79 63 25 36 73 94 80 93 97 0 61 56 64 49 5 17 31 3 91 28 26 87 52 77 12 35 62 70 6 30 53 84 22 37 99 74 1 51 23 50 24 15 14 10 68 76 90 45 66 69 40 8 82 34 71 78 57 13 55 32 39 59 65 86 83 2 60 67 4 16 20 19 11 44 33 21 27 42 75 58 88 72 18 95 48 43 29 46 85 
